200246456
200233315
200229626
200233276
200233275
200232117
200237254
200237579
200237562
200189050
200185712
200239626
200215441
200229406
200241835
200241834
200243629
200239915
200239909
200239903
200218065
200232003
200232002
200212479
200242477
200228078
200242127
200235927
200235857
200227952
200214546
200231977
200224460
200224456
200175524
200175523
200175522
200227408
200237239
200240694
200204845
200231590
200232917
200210063
200239750
200214865
200237779
200234352
200218936
200218935
200229431
200239293
200217010
200216599
200224579
200194078
200219098
200234505
200208156
200229379
200196989
200196988
200196987
200233917
200222200
200230651
200230650
200217762
200235050
200226488
200183970
200234129
200232998
200233189
200224144
200200118
200200117
200178123
200194028
200232873
200222548
200220190
200220189
200220188
200232186
200190895
200189979
200189978
200230227
200161343
200218212
200226160
200192558
200225599
200227954
200217450
200173932
200173931
200173936
200213902
200227709
200227708
200199445
200228652
200218213
200218208
200218207
200227828
200188172
200227656
200227655
200227488
200154392
200146943
200200315
200226328
200223236
200218355
200206134
200197740
200216885
200216884
200216883
200171052
200215405
200205607
200205606
200196990
200185991
200224095
200185993
200223245
200216763
200216762
200216758
200216756
200224090
200193911
200222633
200218199
200205589
200221007
200215165
200215063
200202919
200212584
200200690
200190992
200199253
200206265
200214237
200192836
200185269
200206295
200214985
200215802
200186459
200218918
200179943
200171374
200212998
200212996
200207021
200198582
200168748
200205704
200218719
200218664
200217868
200217086
200193096
200174609
200217357
200214360
200215938
200213096
200182123
200215428
200215451
200215814
200207935
200215125
200180095
200180094
200181543
200199123
200167364
200211560
200162616
200213486
200212588
200213243
200209904
200180118
200212740
200192453
200168264
200184031
200200084
200200083
200198896
200201425
200211803
200189141
200211627
200211504
200211044
200208399
200197658
200196388
200211155
200136035
200205320
200210065
200208795
200208337
200183925
200200996
200203030
200193220
200180045
200136184
200178882
200206455
200195648
200203274
200178430
200178429
200178428
200166352
200206283
200206266
200206263
200206140
200206209
200169441
200204756
200205219
200200445
200182861
200176386
200197452
200199994
200204864
200204688
200201999
200166945
200203406
200203217
200203081
200202604
200148223
200199378
200158280
200165182
200200896
200180697
200179886
200196735
200200107
200157305
200199103
200197778
200187515
200198533
200189981
200198616
200198141
200195686
200193770
200193439
200194315
200197456
200197522
200195725
200190202
200196980
200164237
200165080
200175694
200190570
200191332
200166245
200195673
200192391
200193975
200193867
200193736
200186143
200157007
200185144
200192708
200184545
200184544
200181064
200181062
200181061
200175793
200142595
200169086
200182685
200180578
200188632
200174188
200162632
200188895
200184320
200179722
200188429
200165816
200164922
200186115
200172923
200172920
200157486
200157483
200174463
200174431
200185427
200184895
200183268
200183267
200183266
200182816
200178991
200183212
200175480
200176201
200178318
200162624
200160927
200183421
200167916
200162117
200164948
200182916
200182536
200182651
200156405
200162708
200175499
200181897
200179795
200179746
200165212
200162577
200176022
200167030
200167029
200167028
200179831
200117435
200127136
200175450
200172225
200171215
200171087
200169440
200169438
200169437
200166796
200167260
200158263
200175429
200171037
200165238
200166188
200173811
200172051
200169346
200174072
200165153
200163260
200161354
200172495
200172131
200171555
200157910
200155224
200155223
200155222
200166489
200158013
200171166
200147808
200156989
200169610
200169609
200169605
200169603
200169503
200168453
200167823
200168212
200164263
200167363
200166992
200144744
200161918
200151917
200158055
200148416
200145809
200164402
200164378
200163793
200157278
200164386
200161901
200161895
200154386
200162806
200163014
200140182
200132338
200162025
200157595
200161329
200147928
200159117
200159113
200159759
200152522
200155698
200149313
200105119
200158442
200158440
200158390
200148020
200156473
200148633
200150877
200150876
200150234
200150233
200155673
200146165
200154826
200153931
200145927
200150861
200153559
200125527
200148508
200142745
200151263
200149377
200134004
200149689
200152981
200150060
200152198
200146172
200146170
200146046
200128243
200130157
200134757
200149652
200140881
200148665
200147104
200149574
200132048
200132065
200145307
200132396
200130142
200130228
200137496
200148190
200135325
200146974
200145281
200144730
200144434
200143647
200143646
200141105
200143197
200142016
200141469
200138266
200133549
200133548
200133547
200133546
200133545
200133544
200133543
200133542
200133541
200133540
200133539
200133538
200133537
200133536
200133535
200139369
200139200
200138504
200130117
200136103
200123805
200136871
200136732
200134809
200132950
200134885
200134883
200124898
200132802
200129112
200132044
200117826
200117825
200117824
200130784
200127471
200123581
200123577
200128223
200129785
200124899
200122703
200128066
200100672
200123139
200111360
200117156
200111545
200111543
200119428
200117988
200117876
200117874
200117109
200115405
200115189
200103568
200112845
200113112
200113675
200110513
200097771
200111901
200111727
200106543
200106544
200106542
200106541
200106540
200107817
200107816
200104211
200103544
200100866
200100558
200096583
200080171
200098052
200098011
200094820
200092495
200085534
200076968
200068771
200071056
200056327
200050206
200056465
200013811
200008777
200008612
200004741
100000096
307512071
307512070
307512069
307512068
307512067
307512066
307512065
307512064
307512063
307512062
307512061
307512060
307512059
307512058
307512057
307512056
307512055
307512054
307512053
307512052
307512051
307512050
307512049
307512048
305340857
305340856
305340855
305340854
305340853
305340852
305340851
305340850
305340849
305340848
305340847
305340846
305340845
305340844
305340843
305340842
305340841
305340840
305340839
305340838
305340837
305340836
305340835
305340834
305827396
305827394
305827392
305827390
305827388
305827386
305827384
305827382
305827380
305827378
305827376
307493831
307493830
307484969
307484968
305906338
305906337
307500721
307500720
306725864
306725863
306725862
305380590
305380589
307111367
307111365
305283062
305283061
305283060
305283059
305283058
305283057
307105889
307105888
307105887
307105886
307105885
307105884
307105883
307105882
307105881
307105880
307105879
307105878
307105877
307105876
307105875
307105874
307105873
307105872
307105871
307105870
307105869
307105868
307104733
307104732
307104731
307104730
307104729
307104728
307104727
307104726
307104725
307104724
307104723
307104722
307104721
307104720
307104719
307104718
305217500
305217499
306690567
306690566
306690565
306690564
306690525
306690524
306690551
306690550
306690549
305652412
305652411
305652410
305652409
305652408
305652407
305652406
305652405
305652404
305652403
305652402
305652401
305652400
305652399
305652398
305652397
305652396
305652395
305652394
305652393
305652392
305652391
305652390
305652389
305652388
305652387
305652386
305652385
305652384
305652383
305224637
305224636
305224635
305224634
305224633
306268365
306268364
305452714
305452713
305452712
304955427
306538040
306538039
305135221
305135220
305135219
305135218
305576233
305576232
305576230
305576228
305695158
305695157
305695156
305695155
305695154
305695153
305695152
305695151
305695150
305695149
305695148
305695147
305695146
305695145
305695144
305695143
306345644
306345643
306345642
306345641
306345640
306345639
306345638
306345637
306345636
306345635
306345634
306345633
306345632
306345631
306345630
306345629
306345628
306345627
306345626
306345625
306345624
306345623
306345622
306345621
306345620
306345619
306345618
306345617
306345616
306345615
306345614
306345613
306345612
306345611
306345610
306345609
306345608
306345607
306345606
306345605
306345604
306345603
306345602
306345601
306345600
306345599
306345598
306345597
306345596
306345595
306345594
306345593
306345592
306345591
306345590
306345589
306345588
306345587
306345586
306345585
306345584
306345583
305924605
305924604
305924603
305924602
305924601
305924600
305924599
305924598
305924597
305924596
305924595
305924594
305924593
305924592
305924591
305924590
305924589
305924588
305924587
305924586
305924585
305924584
305924583
305924582
305924581
305924580
305924579
305924578
305924577
305924576
305924575
305924574
305924573
305924572
305924571
305924570
305924569
305924568
305924567
305924566
305924565
305924564
305924563
305924562
305924561
305924560
305924559
305924558
305924557
305924556
305924555
305924554
305924553
305924552
305924551
305924550
305924549
305924548
305924547
305924546
306448359
306448358
306448357
306448356
306448355
306448354
306448353
306448352
306448351
306448350
306448349
306448348
306448347
306448346
306448345
306448344
306448343
306448342
306448341
306448340
306448339
306448338
306448337
306448336
306448335
306448334
306448333
306448332
306448331
306448330
306346322
306346321
306346320
306346319
306346318
306346317
306346316
306346315
306346301
306346300
306346299
306346298
306346297
306048337
306048336
306048335
306048334
306048333
306048332
306048331
306048330
306048329
306048328
306048327
306048326
306048325
306048324
306048323
306048322
306048321
306048320
306048319
306048318
306048317
306048316
306048315
306048314
306048313
306048312
306048311
306048310
306048309
306048308
306048307
306048306
306048305
306048304
306048303
306048302
306048301
306048300
306048299
306048298
306048297
306048296
306048295
306048294
306048293
306048292
306048291
306048290
306048289
306048288
306048287
306048286
306048285
306048284
306048283
306048282
306048281
306048280
306048279
306048278
306048277
306048276
306048275
306048274
306048273
306048272
306048271
306048270
306048269
306048268
306048267
306048266
306048265
306048264
306048263
306048262
306048261
306048260
306048259
306048345
306048344
306048343
306048342
306048341
306048340
306048339
306048338
306048258
306048257
306048256
306048255
306048254
306048253
306048252
306048251
306048250
306048249
306048248
306048247
306048246
306048245
306048244
306048243
306048242
306048241
306048240
306048239
306048238
306048237
306048236
306048235
305449997
305449996
305449994
305449993
305449992
305449991
305449990
305449988
305449987
305449986
305363612
305363611
305363610
305363609
305363608
305363607
305363606
305363605
305089647
305089646
305089645
305089644
305089643
305089642
305089641
305089640
305089639
305089638
305089637
305089636
305089635
305089634
305089633
305089632
305089631
305089630
305089629
305089628
305089627
305089626
305089625
305089624
305089623
305089622
305089621
305089620
305089619
305089618
305089617
305089616
305089615
305089614
305089613
305089612
305089611
305089610
305089609
305089608
305089607
305089606
305089605
305089604
305089603
305089602
305089601
305089600
305089599
305089598
305089597
305089596
305089595
305089594
305089593
305089592
305089591
305089590
305089589
305089588
305089587
305089586
305089585
305089584
305089583
305089582
305089581
305089580
305089579
305089578
305089577
305089576
305089575
305089574
305089573
305089572
305089571
305089570
305089569
305089568
305089567
305089566
305089565
305089564
305089563
305089562
305089561
305089560
305089559
305089558
305089557
305089556
305089555
305089554
305089553
305089552
305089551
305089550
305089549
305089548
305089547
305089546
305089545
305089544
305089543
305089542
305089541
305089540
305089539
305089538
305089537
305089536
305089535
305089534
305089533
305089532
305089531
305089530
305089529
305089528
305089527
305089526
305089525
305089524
305089523
305089522
305089521
305089520
305089519
305089518
305089517
305089516
305089515
305089514
305089513
305089512
305089511
305089510
305089509
305089508
305089507
305089506
305089505
305089504
305089503
305089502
305089501
305089500
305089499
305089498
305089497
305089496
305089495
305089494
305089493
305089492
305089491
305089490
305089489
305089488
305089487
305089486
305089485
305089484
305089483
305089482
305089481
305089480
305089479
305089478
305089477
305089476
305089475
305089474
305089473
305089472
305089471
305089470
305089469
305089468
305089467
305089466
305089465
305089464
305089463
305089462
305089461
305089460
305089459
305089458
305089457
305089456
305089455
305089454
305089453
305089452
305089451
305089450
305089449
305089448
305089447
305089446
305089445
305089444
305089443
305089442
305089441
305089440
305089439
305089438
305089437
305089436
305089435
305089434
305089433
305089432
305089431
305089430
305089429
305089428
305089427
305089426
305089425
305089424
305089423
305089422
305089421
305089420
305089419
305089418
305089417
305089416
305089415
305089414
305089413
305089412
305089411
305089410
305089409
305089408
305089407
305089406
305089405
305089404
305089403
305089402
305089401
305089400
305089399
305089398
305089397
305089396
305089395
305089394
305089393
305089392
305089391
305089390
305089389
305089388
305089387
305089386
305089385
305089384
305089383
305089382
305089381
305089380
305089379
305089378
305089377
305089376
305089375
305089374
305089373
305089372
305089371
305089370
305089369
305089368
305089367
305089366
305089365
305089364
305089363
305089362
305089361
305089360
305089359
305089358
305089357
305089356
305089355
305089354
305089353
305089352
305089351
305089350
305089349
305089348
305089347
305089346
305089345
305089344
305089343
305089342
305089341
305089340
305089339
305089338
305089337
305089336
305089335
305089334
305089333
305089332
305089331
305089330
305089329
305089328
305089327
305089326
305089325
305089324
305089323
305089322
305089321
305089320
305089319
305089318
305089317
305089316
305089315
305089314
305089313
305089312
305089311
305089310
305089309
305089308
305089307
305089306
305089305
305089304
305089303
305089302
305089301
305089300
305089299
305089298
305089297
305089296
305089295
305089294
305089293
305089292
305089291
305089290
305089289
305089288
305089287
305089286
305089285
305089284
305089283
305089282
305089281
305089280
305089279
305089278
305089277
305089276
305089275
305089274
305089273
305089272
305089271
305089270
305089269
305089268
305089267
305089266
305089265
305089264
305089263
305089262
305089261
305089260
305089259
305089258
305089257
305089256
305089255
305089254
305089253
305089252
305089251
305089250
305089249
305089248
305089247
305089246
305089245
305089244
305089243
305089242
305089241
305089240
305089239
305089238
305089237
305089236
305089235
305089234
305089233
305089232
305089231
305089230
305089229
305089228
305089227
305089226
305089225
305089224
305089223
305089222
305089221
305089220
305089219
305089218
305089217
305089216
305089215
305089214
305089213
305089212
305089211
305089210
305089209
305089208
305089207
305089206
305089205
305089204
305089203
305089202
305089201
305089200
305089199
305089198
305089197
305089196
305089195
305089194
305089193
305089192
305089191
305089190
305089189
305089188
305089187
305089186
305089185
305089184
305089183
305089182
305089181
305089180
305089179
305089178
305089177
305089176
305089175
305089174
305089173
305089172
305089171
305089170
305089169
305089168
305089167
305089166
305089165
305089164
305089163
305089162
305089161
305089160
305089159
305089158
305089157
305089156
305089155
305089154
305089153
305089152
305089151
305089150
305089149
305089148
305089147
305089146
305089145
305089144
305089143
305089142
305089141
305089140
305089139
305089138
305089137
305089136
305089135
305089134
305089133
305089132
305089131
305089130
305089129
305089128
305089127
305089126
305089125
305089124
305089123
305089122
305089121
305089120
305089119
305089118
305089117
305089116
305089115
305089114
305089113
305089112
305089111
305089110
305089109
305089108
305089107
305089106
305089105
305089104
305089103
305089102
305089101
305089100
305089099
305089098
305089097
305089096
305089095
305089094
305089093
305089092
305089091
305089090
305089089
305089088
305089087
305089086
305089085
305089084
305089083
305089082
305089081
305089080
305089079
305089078
305089077
305089076
305089075
305089074
305089073
305089072
305089071
305089070
305089069
305089068
305089067
305089066
305089065
305089064
305089063
305089062
305089061
305089060
305089059
305089058
305089057
305089056
305089055
305089054
305089053
305089052
305089051
305089050
305089049
305089048
305089047
305089046
305089045
305089044
305089043
305089042
305089041
305089040
305089039
305089038
305089037
305089036
305089035
305089034
305089033
305089032
305089031
305089030
305089029
305089028
305089027
305089026
305089025
305089024
305089023
305089022
305089021
305089020
305089019
305089018
305089017
305089016
305089015
305089014
305089013
305089012
305089011
305089010
305089009
305089008
305089007
305089006
305089005
305089004
305089003
305089002
305089001
305089000
305088999
305088998
305088997
305088996
305088995
305088994
305088993
305088992
305088991
305088990
305088989
305088988
305088987
305088986
305088985
305088984
305088983
305088982
305088981
305088980
305088979
305088978
305088977
305088976
305088975
305088974
305088973
305088972
305088971
305088970
305088969
305088968
305088967
305088966
305088965
305088964
305088963
305088962
305088961
305088960
305088959
306046105
306046104
306046103
306046102
306046101
304761223
304761222
305939716
305939715
305939714
305939713
305939712
305939711
305939710
305939709
305939708
305939707
305939706
305939705
305939704
305939703
305939702
305939701
305939700
305004426
305004425
305004424
305004423
305004422
305004421
305004420
305004419
305004418
305004417
305004416
305004415
305004414
305004413
305004412
305004411
305004410
305004409
305004408
305004407
305004406
305004405
305004404
305004403
305819693
305819692
305819691
305819690
305819689
305819688
305819687
305819686
305819685
305819684
305819683
305819682
305819681
305819680
305819679
305819678
305819677
305819676
305819675
305819674
305819673
305819672
305819671
305819670
305819669
305819668
305819667
305819666
305819665
305819664
305819663
305819662
305819661
305819660
305819659
305819658
305819657
305819656
305819655
305819654
305819653
305819652
305819651
305819650
305684311
305684310
305684309
305684308
305684307
305684306
304750339
304750338
304750337
304750333
304750332
304750331
304750330
304750329
304750328
304750327
304750326
304750325
304750324
304750323
304750319
304750318
304750317
304750316
304750315
304750314
304750313
304750312
304750311
304750310
304750309
304750305
304750304
304750303
304750302
304750301
304750300
304750299
304750298
305483850
305483841
305483836
305483831
305483826
305483821
305483814
305483807
305482774
305482773
305482766
305482765
305482764
305482763
305482754
305482753
305482752
305482751
305482742
305482741
305482740
305482739
304955768
304955767
304955766
304955765
304955764
304955763
304955762
304955761
304955760
304955759
304955758
304955757
304955756
304955755
304955754
304955753
304955752
304955751
304955750
304955749
304955748
304955747
304955746
304955745
304955744
304955743
304955742
304955741
304955740
304955739
305022986
305022985
305022984
305022983
305618590
305618588
305618586
305618582
305618579
305618576
305618574
305618572
305618570
305618568
305618566
305618564
305618561
305618559
305618557
305618554
305618553
305618551
305618547
305618544
305618542
305618540
305618538
305618536
305618534
305618532
305618530
305618528
305618526
305618524
305618522
305618520
305618518
305618516
305618514
305618512
305618510
305618508
305618506
305618504
305618502
305614871
305614870
305614869
305553359
305553358
305553357
305359868
305359867
305359866
305359865
305359864
305359863
305359862
305359861
305359860
305359859
305359858
305359857
305359856
305359855
304933450
304933449
304933448
304933447
304933446
304933445
304933444
304933443
304933442
304933441
305023677
305023676
305023675
305023674
305091061
305091060
305091059
305091058
305091057
305091056
305091055
305091054
305091053
305091052
305091051
305091050
305091049
305091048
305091047
305091046
305091045
305091044
305091043
305091042
305091041
305091040
305091039
305091038
305091037
305091036
305091035
305216988
305216987
305216986
305216985
305216984
305216983
305216982
305216981
305216980
305216979
305216978
305216977
305216976
305216975
305280044
305280043
305280042
305280041
305027158
305257982
305257981
305257980
305257979
305257978
305257977
305257976
305257975
305257974
305257973
305257972
305257971
305257970
305257969
305257968
305257967
305227154
305227153
305227152
305227151
305227150
305227149
305227148
305227147
305227146
305227145
305227144
305227143
305227142
305227141
305227140
305227139
305227138
305227137
305227136
305227135
305227134
305227133
305227132
305227131
305227130
305227129
305227128
305227127
305227126
305227125
305227124
305227123
305227122
305227121
305227120
305227119
305227118
305227117
305227116
305227115
305227114
305227113
305227112
305227111
305227110
305227109
305227108
305227107
304697628
304697627
304697626
304697625
304697624
304697623
304697622
304697621
304697620
304697619
304697618
304697617
304697616
304697615
304697614
304697613
304697612
304697611
304697610
304697609
304697608
304697607
304697606
304697605
305140638
305140637
305140636
305140635
305140634
305140633
305140632
305140631
305140630
305140629
305140628
305140627
305140626
305140625
305140624
305140623
305140622
305140621
305140620
305140619
305140618
305140617
305140616
305140615
305140614
305140613
305140612
305140611
305140610
305140609
305140608
305140607
305140606
305140605
305140604
305140603
305140602
305140601
305140600
305140599
305140598
305140597
305140596
305140595
305140594
305140593
305140592
305140591
305140590
305140589
304929260
304929258
304787575
304787574
304787573
304787572
304787571
304787570
304787569
304787568
304787567
304787566
304787565
304787564
304787563
304787562
304787561
304787560
304787559
304787558
304787557
304787556
304787555
304787554
304787553
304787552
304787551
304787550
304787549
304787548
304787547
304787545
304787543
304787541
304787539
304787537
304787535
304787534
304787533
304787532
304787531
304787530
304787529
304787528
304787527
304787526
304787525
304787524
304787523
304787522
304787521
304787520
304787519
304787518
304787517
304787516
304787515
304787514
304787513
304787512
304787511
304787510
304787509
304787508
304787507
304787506
304787505
304787504
304787503
304787502
304787501
304787500
304787499
304787498
304787497
304787496
304787495
304787494
304787493
304787492
304787491
304787490
304787489
304787488
304787487
304787486
304787485
304787484
304787483
304787482
304787481
304787480
304787479
304787478
304787477
304787476
304787475
304787474
304787473
304787472
304787471
304787470
304787469
304787468
304787467
304787466
304787465
304787464
304787463
304787462
304787461
304787460
304787459
304787458
304787457
304787456
304787455
304787454
304787453
304787452
304787451
304787450
304787449
304787448
304787447
304787446
304787445
304787444
304787443
304787442
304787441
304787440
304787439
304787438
304787437
304787436
304787414
304787413
304787412
304787411
304787410
304787409
304787408
304787407
304787406
304787405
304787402
304787400
304787399
304787398
304787397
304787396
304787395
304787394
304787393
304787392
304787391
304787390
304787389
304787388
304787387
304787386
304787385
304787384
304787383
304787382
304787381
304787380
304787379
304787378
304787377
304787376
304787375
304787374
304787373
304787372
304787371
304787370
304787369
304787368
304787367
304787366
304787365
304787364
304787363
304787362
304787361
304787360
304787359
304787358
304787357
304787356
304787355
304787354
304787353
304787352
304787351
304787350
304787349
304787348
304787347
304787346
304787345
304787344
304787343
304787342
304787341
304787340
304787339
304787338
304787337
304787336
304787335
304787334
304787333
304787332
304787331
304787330
304787329
304787328
304787327
304787326
304787325
304787324
304787323
304787322
304787321
304787320
304787319
304787318
304787317
304787316
304787315
304787314
304787313
304787312
304787311
304787310
304787309
304787308
304787307
304787306
304787305
304787304
304787303
304787302
304787301
304787300
304787299
304787298
304787292
305008874
305008873
305008872
305008871
305008870
305008869
305008868
305008867
304819747
304819712
304794676
304794675
304794674
304794673
304794672
304794671
304794670
304794669
304794668
304794667
304794666
304794665
304794664
304794663
304794662
304794661
304794660
304794659
304617204
304617203
304617202
304617201
304617200
304617199
304617198
304617197
304617196
304617195
304617194
304617193
304617192
304617191
304617190
304617189
304617188
304617187
304617186
304617185
304617184
304617183
304617182
304617181
304617180
304617179
304617178
304617177
304617176
304617175
304617174
304617173
304617172
304617171
304617170
304617169
304617168
304617167
304617166
304617165
304617164
304617163
304617162
304617161
304617160
304617159
304617158
304617157
304617156
304617155
304617154
304617153
304617152
304617151
304617150
304617149
304617148
304617147
304617146
304617145
304761144
304761143
304761142
304761141
304761140
304761139
304761138
304761137
304761136
304712907
304712905
304712903
304712901
304712899
304712897
304712895
304712893
304712891
304712889
304712887
304712885
304658551
304658550
304658549
304658548
304658547
304658546
304658545
304658544
304658543
304658542
304658541
304658540
304658539
304658538
304658537
304658536
304658535
304658534
304658533
304658532
304658531
304658530
304658529
304658528
304658527
304658526
304658525
304658524
304658523
304658522
304658521
304658520
304658519
304658518
304658517
304658516
304658515
304658514
304658513
304658512
304658511
304658510
304658509
304658508
304658507
304498799
304498798
304498797
304498794
304498793
304498792
304498791
304498790
304498789
304498788
304498787
304498786
304498785
304498784
304498783
304498782
304498781
304498780
304498774
304498773
304498772
304498771
304498770
304631063
304631062
304631061
304522894
304522893
304522892
304522891
304522890
304522889
304367497
304367496
304367495
304367494
304367493
304367492
304367491
304367490
304367489
304367488
304367487
304367486
304367485
304367484
304367483
304367482
304367481
304367480
303733141
303733140
303733139
303733138
303733137
303733136
303733135
303733134
303733133
303733132
303733131
303733130
303733129
303733128
303733127
303733126
303733125
303733124
303733123
303733122
303733121
303733120
303733119
303733118
303733117
303733116
303733115
303733114
303733113
303733112
303733111
303733110
303733109
303733108
303733107
303733106
303733105
303733104
303733103
303733102
303733101
303733100
303733099
303733098
304476364
304476363
303839786
303839785
303839784
303839783
303839782
303839781
303839780
303839779
303839778
303839777
303839776
303839775
303839774
303839773
303839772
303839771
303839770
303839769
303839768
303839767
303839766
303839765
303839764
303839763
303839762
303839761
303839760
303839759
303734181
303734180
303734179
303734178
303732369
303732368
303732367
303732365
303732363
303732366
303732364
303732362
304041173
304041172
304041171
304041170
303511643
303511642
303511641
303511640
303511639
303511638
303511637
303511636
303511635
303511634
303511633
303511632
303511631
303511630
303511629
303511628
303511627
303511626
303511625
303511624
303511623
303892576
303892575
303892574
303892573
303892572
303892571
303892570
303722077
303722076
303722075
303722074
303722073
303722072
303722071
303722070
303722069
303722068
303722067
303722066
303722065
303722064
303722063
303722062
303722061
303722060
303722059
303722058
303722057
303722056
303722055
303722054
303722053
303722052
303722051
303722050
303722049
303722048
303722047
303722042
303722041
303722040
303722039
303722038
303722037
303722036
303722035
303722034
303722033
303722032
303722031
303722030
303722029
303722028
303722027
303722026
303722025
303722024
303722023
303722022
303722021
303722020
303722019
303722018
303722017
303722016
303722015
303722014
303722013
303722012
303722011
303722046
303722045
303722044
303722043
303496488
303496487
303496486
303496485
303496484
303496483
303496482
303496481
303496480
303496479
303496478
303496455
303496454
303496453
303496452
303496451
303496450
303496449
303496448
303496447
303029121
303029120
303029119
303374614
303374613
302577173
302577172
302577171
302577170
302577169
302577168
302577167
302577166
302577165
302577164
302577163
302577162
303038457
303038456
303038455
303038454
303038453
303038452
303038451
303038450
303038449
303038448
303038447
303038446
303038445
303038444
303038443
303038442
303038441
303038440
303038439
303038438
303038437
303038436
303038435
303038434
303038433
303038432
303038431
303038430
303038429
303038428
303038427
303038426
303038425
303038424
303038423
303038422
303038421
303038420
303038419
303038418
303038417
303038416
303038415
303038414
303038413
303038412
303038411
303038410
303038409
303038408
303038407
303038406
303038405
303038404
303038403
303038402
303038401
303038400
303038399
303038398
303038397
303038396
303038395
303038394
303038393
303038392
303038391
303038390
303038389
303038388
303038387
303038386
303038385
303038384
303038383
303038382
303038381
303038380
303038379
303038378
303038377
303038376
303038375
303038374
303038373
303038372
303038371
303038370
303038369
303038368
303038367
303038366
303038365
303038364
303038363
303038362
303038361
303038360
303038359
303038358
303038357
303038356
303038355
303038354
303038353
303038352
303038351
303038350
303038349
303038348
303038347
303038346
303038345
303038344
303038343
303038342
303038341
303038340
303038339
303038338
303038337
303038336
303038335
303038334
303038333
303038332
303038331
303038330
303038329
303038328
303038327
303038326
303038325
303038324
303038323
303038322
303038321
303038320
303038319
303038318
303038317
303038316
303038315
303038314
303038313
303038312
303038311
303038310
303038309
303038308
303038307
303038306
303038305
303038304
303038303
303038302
303038301
303038300
303038299
303038298
303038297
303038296
303038295
303038294
303038293
303038292
303038291
303038290
303038289
303038288
303038287
303038286
303038285
303038284
303038283
303038282
303038281
303038280
303038279
303038278
303038277
303038276
303038275
303038274
303038273
303038272
303038271
303038270
303038269
303038268
303038267
303038266
303038265
303038264
303038263
303038262
303038261
303038260
303038259
303038258
303038257
303038256
303038255
303038254
303038253
303038252
303038251
303038250
303038249
303038248
303038247
303038246
303038245
303038244
303038243
303038242
303038241
303038240
303038239
303038238
303038237
303038236
303038235
303038234
303038233
303038232
303038231
303038230
303038229
303038228
303038227
303038226
303038225
303038224
303038223
303038222
303038221
303038220
303038219
303038218
303038217
303038216
303038215
303038214
303038213
303038212
303038211
303038210
303038209
303038208
303038207
303038206
303038205
303038204
303038203
303038202
303038201
303038200
303038199
303038198
303038197
303038196
303038195
303038194
303038193
303038192
303038191
303038190
303038189
303038188
303038187
303038186
303038185
303038184
303038183
303038182
303038181
303038180
303038179
303038178
303038177
303038176
303038175
303038174
303038173
303038172
303038171
303038170
303038169
303038168
303038167
303038166
303038165
303038164
303038163
303038162
303038161
303038160
303038159
303038158
303038157
303038156
303038155
303038154
303038153
303038152
303038151
303038150
303038149
303038148
303038147
303038146
303038145
303038144
303038143
303038142
303038141
303038140
303038139
303038138
303038137
303038136
303038135
303038134
303038133
303038132
303038131
303038130
303038129
303038128
303038127
303038126
303038125
303038124
303038123
303038122
303038121
303038120
303038119
303038118
303038117
303038116
303038115
303038114
303038113
303038112
303038111
303038110
303038109
303038108
303038107
303038106
303038105
303038104
303038103
303038102
303038101
303038100
303038099
303038098
303038097
303038096
303038095
303038094
303038093
303038092
303038091
303038090
303038089
303038088
303038087
303038086
303038085
303038084
303038083
303038082
303038081
303038080
303038079
303038078
303038077
303038076
303038075
303038074
303038073
303038072
303038071
302842539
302842538
302842387
302842386
302842385
302842384
302842383
302842382
302842381
302842380
302842379
302842378
302842377
302842376
302842375
302842374
302842373
302842372
302842371
302842370
302842369
302842368
302842367
302842366
302842365
302842364
302842363
302842362
302842361
302842360
302842359
302842358
302842357
302842356
302842355
302842354
302842353
302842352
302842351
302842350
302842349
302842348
302842347
302842346
302842345
302842344
302842343
302842342
302842341
302842340
302842339
302842338
302842337
302842336
302842335
302842334
302842333
302842332
302842331
302842330
302842329
302842328
302842327
302842326
302842325
302842324
302842323
302842322
302842321
302842320
302842319
302842318
302842317
302842316
302842315
302842314
302842313
302842312
302842311
302842310
302842309
302842308
302842307
302842306
302842305
302842304
302842303
302842302
302842301
302842300
302842299
302842298
302842297
302842296
302842295
302842294
302842293
302842292
302842291
302842290
302842289
302842288
302842287
302842286
302842285
302842284
302842283
302842282
302842281
302842280
302842279
302842278
302842277
302842276
302842275
302842274
302842273
302842272
302842271
302842270
302842269
302842268
302842267
302842266
302842265
302842264
302842263
302842262
302842261
302842260
302842259
302842258
302842257
302842256
302842255
302842254
302842253
302842252
302842251
302842250
302842249
302842248
302842247
302842246
302842245
302842244
302842243
302842242
302842241
302842240
302842239
302842238
302842237
302842236
302842235
302842234
302842233
302842232
302842231
302842230
302842229
302842228
302842227
302842226
302842225
302842224
302842223
302842222
302842221
302842220
302842219
302842218
302842217
302842216
302842215
302842214
302842213
302842212
302842211
302842210
302842209
302842208
302842207
302842206
302842205
302842204
302842203
302842202
302842201
302842200
302842199
302842198
302842197
302842196
302842195
302842194
302842193
302842192
302842191
302842190
302842189
302842188
302842187
302842186
302842185
302842184
302842183
302842182
302842181
302842180
302842179
302842178
302842177
302842176
302842175
302842174
302842173
302842172
302842171
302842170
302842169
302842168
302842167
302842166
302842165
302842164
302842163
302842162
302842161
302842160
302842159
302842158
302842157
302842156
302842155
302842154
302842153
302842152
302842151
302842150
302842149
302842148
302842147
302842146
302842145
302842144
302842143
302842142
302842141
302842140
302842139
302842138
302842137
302842136
302842135
302842134
302842133
302842132
302842131
302842130
302842129
302842128
302842127
302842126
302842125
302842124
302842123
302842122
302842121
302842120
302842119
302842118
302842117
302842116
302842115
302842114
302842113
302842112
302842111
302842110
302842109
302842108
302842107
302842106
302842105
302842104
302842103
302842102
302842101
302842100
302842099
302842098
302842097
302842096
302842095
302842094
302842093
302842092
302842091
302842090
302842089
302842088
302842087
302842086
302842085
302842084
302842083
302842082
302842081
302842080
302842079
302842078
302842077
302842076
302842075
302842074
302842073
302842072
302842071
302842070
302842069
302842068
302842067
302842066
302842065
302842064
302842063
302842062
302842061
302842060
302842059
302842058
302842057
302842056
302842055
302842054
302842053
302842052
302842051
302842050
302842049
302842048
302842047
302842046
302842045
302842044
302842043
302842042
302842041
302842040
302842039
302842038
302842037
302842036
302842035
302842034
302842033
302842032
302842031
302842030
302842029
302842028
302842027
302842026
302842025
302842024
302842023
302842022
302842021
302842020
302842019
302842018
302842017
302842016
302842015
302842014
302842013
302842012
302842011
302842010
302842009
302842008
302842007
302842006
302842005
302842004
302842003
302842002
302842001
302842000
302841999
302841998
302841997
302841996
302841995
302841994
302841993
302841992
302841991
302841990
302841989
302841988
302841987
302841986
302841985
302841984
302841983
302841982
302841981
302841980
302841979
302841978
302841977
302841976
302841975
302841974
302841973
302841972
302841971
302841970
302841969
302841968
302841967
302841966
302841965
302841964
302841963
302841962
302841961
302841960
302841959
302841958
302841957
302841956
302841955
302841954
302841953
302841952
302841951
302841950
302841949
302841948
302841947
302841946
302841945
302841944
302841943
302841942
302841941
302841940
302841939
302841938
302841937
302841936
302841935
302841934
302841933
302841932
302841931
302841930
302841929
302841928
302841927
302841926
302841925
302841924
302841923
302841922
302841921
302841920
302841919
302841918
302841917
302841916
302841915
302841914
302841913
302841912
302841911
302841910
302841909
302841908
302841907
302841906
302841905
302841904
302841903
302841902
302841901
302841900
302841899
302841898
302841897
302841896
302841895
302841894
302841893
302841892
302841891
302841890
302841889
302841888
302841887
302841886
302841885
302841884
302841883
302841882
302841881
302841880
302841879
302841878
302841877
302841876
302841875
302841874
302841873
302841872
302841871
302841870
302841869
302841868
302841867
302841866
302841865
302841864
302841863
302841862
302841861
302841860
302841859
302841858
302841857
302841856
302841855
302841854
302841853
302841852
302841851
302841850
302841849
302841848
302841847
302841846
302841845
302841844
302841843
302841842
302841841
302841840
302841839
302841838
302841837
302841836
302841835
302841834
302841833
302841832
302841831
302841830
302841829
302841828
302841827
302841826
302841825
302841824
302841823
302841822
302841821
302841820
302841819
302841818
302841817
302841816
302841815
302841814
302841813
302841812
302841811
302841810
302841809
302841808
302841807
302841806
302841805
302841804
302841803
302841802
302841801
302841800
302841799
302841798
302841797
302841796
302841795
302841794
302841793
302841792
302841791
302841790
302841789
302841788
302841787
302841786
302841785
302841784
302841783
302841782
302841781
302841780
302841779
302841778
302841777
302841776
302841775
302841774
302841773
302841772
302841771
302841770
302841769
302841768
302841767
302841766
302841765
302841764
302841763
302841762
302841761
302841760
302841759
302841758
302841757
302841756
302841755
302841754
302841753
302841752
302841751
302841750
302841749
302841748
302841747
302841746
302841745
302841744
302841743
302841742
302841741
302841740
302841739
302841738
302841737
302841736
302841735
302841734
302841733
302841732
302841731
302841730
302841729
302841728
302841727
302841726
302841725
302841724
302841723
302841722
302841721
302841720
302841719
302841718
302841717
302841716
302841715
302841714
302841713
302841712
302841711
302841710
302841709
302841708
302841707
302841706
302841705
302841704
302841703
302841702
302841701
302841700
302841699
302841698
302841697
302841696
302841695
302841694
302841693
302841692
302841691
302841690
302841689
302841688
302841687
302841686
302841685
302841684
302841683
302841682
302841681
302841680
302841679
302841678
302841677
302841676
302841675
302841674
302841673
302841672
302841671
302841670
302841669
302841668
302841667
302841666
302841665
302841664
302841663
302841662
302841661
302841660
302841659
302841658
302841657
302841656
302841655
302841654
302841653
302841652
302841651
302841650
302841649
302841648
302841647
302841646
302841645
302841644
302841643
302841642
302841641
302841640
302841639
302841638
302841637
302841636
302841635
302841634
302841633
302841632
302841631
302841630
302841629
302841628
302841627
302841626
302841625
302841624
302841623
302841622
302841621
302841620
302841619
302841618
302841617
302841616
302841615
302841614
302841613
302841612
302841611
302841610
302841609
302841608
302841607
302841606
302841605
302841604
302841603
302841602
302841601
302841600
302841599
302841598
302841597
302841596
302841595
302841594
302841593
302841592
302841591
302841590
302841589
302841588
302841587
302841586
302841585
302841584
302841583
302841582
302841581
302841580
302841579
302841578
302841577
302841576
302841575
302841574
302841573
302841572
302841571
302841570
302841569
302841568
302841567
302841566
302841565
302841564
302841563
302841562
302841561
302841560
302841559
302841558
302841557
302841556
302841555
302841554
302841553
302841552
302841551
302841550
302841549
302841548
302841547
302841546
302841545
302841544
302841543
302841542
302841541
302841540
302841539
302841538
302841537
302841536
302841535
302841534
302841533
302841532
302841531
302841530
302841529
302841528
302841527
302841526
302841525
302841524
302841523
302841522
302841521
302841520
302841519
302841518
302841517
302841516
302841515
302841514
302841513
302841512
302841511
302841510
302841509
302841508
302841507
302841506
302841505
302841504
302841503
302841502
302841501
302841500
302841499
302841498
302841497
302841496
302841495
302841494
302841493
302841492
302841491
302841490
302841489
302841488
302841487
302841486
302841485
302841484
302841483
302841482
302841481
302841480
302841479
302841478
302841477
302841476
302841475
302841474
302841473
302841472
302841471
302841470
302841469
302841468
302841467
302841466
302841465
302841464
302841463
302841462
302841461
302841460
302841459
302841458
302841457
302841456
302841455
302841454
302841453
302841452
302841451
302841450
302841449
302841448
302841447
302841446
302841445
302841444
302841443
302841442
302841441
302841440
302841439
302841438
302841437
302841436
302841435
302841434
302841433
302841432
302841431
302841430
302841429
302841428
302841427
302841426
302841425
302841424
302841423
302841422
302841421
302841420
302841419
302841418
302841417
302841416
302841415
302841414
302841413
302841412
302841411
302841410
302841409
302841408
302841407
302841406
302841405
302841404
302841403
302841402
302841401
302841400
302841399
302841398
302841397
302841396
302841395
302841394
302841393
302841392
302841391
302841390
302841389
302841388
302841387
302841386
302841385
302841384
302841383
302841382
302841381
302841380
302841379
302841378
302841377
302841376
302841375
302841374
302841373
302841372
302841371
302841370
302841369
302841368
302841367
302841366
302841365
302841364
302841363
302841362
302841361
302841360
302841359
302841358
302841357
302841356
302841355
302841354
302841353
302841352
302841351
302841350
302841349
302841348
302841347
302841346
302841345
302841344
302841343
302841342
302841341
302841340
302841339
302841338
302841337
302841336
302841335
302841334
302841333
302841332
302841331
302841330
302841329
302841328
302841327
302841326
302841325
302841324
302841323
302841322
302841321
302841320
302841319
302841318
302841317
302841316
302841315
302841314
302841313
302841312
302841311
302841310
302841309
302841308
302841307
302841306
302841305
302841304
302841303
302841302
302841301
302841300
302841299
302841298
302841297
302841296
302841295
302841294
302841293
302841292
302841291
302841290
302841289
302841288
302841287
302841286
302841285
302841284
302841283
302841282
302841281
302841280
302841279
302841278
302841277
302841276
302841275
302841274
302841273
302841272
302841271
302841270
302841269
302841268
302841267
302841266
302841265
302841264
302841263
302841262
302841261
302841260
302841259
302841258
302841257
302841256
302841255
302841254
302841253
302841252
302841251
302841250
302841249
302841248
302841247
302841246
302841245
302841244
302841243
302841242
302841241
302841240
302841239
302841238
302841237
302841236
302841235
302841234
302841233
302841232
302841231
302841230
302841229
302841228
302841227
302841226
302841225
302841224
302841223
302841222
302841221
302841220
302841219
302841218
302841217
302841216
302841215
302841214
302841213
302841212
302841211
302841210
302841209
302841208
302841207
302841206
302841205
302841204
302841203
302841202
302841201
302841200
302841199
302841198
302841197
302841196
302841195
302841194
302841193
302841192
302841191
302841190
302841189
302841188
302841187
302841186
302841185
302841184
302841183
302841182
302841181
302841180
302841179
302841178
302841177
302841176
302841175
302841174
302841173
302841172
302841171
302841170
302841169
302841168
302841167
302841166
302841165
302841164
302841163
302841162
302841161
302841160
302841159
302841158
302841157
302841156
302841155
302841154
302841153
302841152
302841151
302841150
302841149
302841148
302841147
302841146
302841145
302841144
302841143
302841142
302841141
302841140
302841139
302841138
302841137
302841136
302841135
302841134
302841133
302841132
302841131
302841130
302841129
302841128
302841127
302841126
302841125
302841124
302841123
302841122
302841121
302841120
302841119
302841118
302841117
302841116
302841115
302841114
302841113
302841112
302841111
302841110
302841109
302841108
302841107
302841106
302841105
302841104
302841103
302841102
302841101
302841100
302841099
302841098
302841097
302841096
302841095
302841094
302841093
302841092
302841091
302841090
302841089
302841088
302841087
302841086
302841085
302841084
302841083
302841082
302841081
302841080
302841079
302841078
302841077
302841076
302841075
302841074
302841073
302841072
302841071
302841070
302841069
302841068
302841067
302841066
302841065
302841064
302841063
302841062
302841061
302841060
302841059
302841058
302841057
302841056
302841055
302841054
302841053
302841052
302841051
302841050
302841049
302841048
302841047
302841046
302841045
302841044
302841043
302841042
302841041
302841040
302841039
302841038
302841037
302841036
302841035
302841034
302841033
302841032
302841031
302841030
302841029
302841028
302841027
302841026
302841025
302841024
302841023
302841022
302841021
302841020
302841019
302841018
302841017
302841016
302841015
302841014
302841013
302841012
302841011
302841010
302841009
302841008
302841007
302841006
302841005
302841004
302841003
302841002
302841001
302841000
302840999
302840998
302840997
302840996
302840995
302840994
302840993
302840992
302840991
302840990
302840989
302840988
302840987
302840986
302840985
302840984
302840983
302840982
302840981
302840980
302840979
302840978
302840977
302840976
302840975
302840974
302840973
302840972
302840971
302840970
302840969
302840968
302840967
302840966
302840965
302840964
302840963
302840962
302840961
302840960
302840959
302840958
302840957
302840956
302840955
302840954
302840953
302840952
302840951
302840950
302840949
302840948
302840947
302840946
302840945
302840944
302840943
302840942
302840941
302840940
302840939
302840938
302840937
302840936
302840935
302840934
302840933
302840932
302840931
302840930
302840929
302840928
302840927
302840926
302840925
302840924
302840923
302840922
302840921
302840920
302840919
302840918
302840917
302840916
302840915
302840914
302840913
302840912
302840911
302840910
302840909
302840908
302840907
302840906
302840905
302840904
302840903
302840902
302840901
302840900
302840899
302840898
302840897
302840896
302840895
302840894
302840893
302840892
302840891
302840890
302840889
302840888
302840887
302840886
302840885
302840884
302840883
302840882
302840881
302840880
302840879
302840878
302840877
302840876
302840875
302840874
302840873
302840872
302840871
302840870
302840869
302840868
302840867
302840866
302840865
302840864
302840863
302840862
302840861
302840860
302840859
302840858
302840857
302840856
302840855
302840854
302840853
302840852
302840851
302840850
302840849
302840848
302840847
302840846
302840845
302840844
302840843
302840842
302840841
302840840
302840839
302840838
302840837
302840836
302840835
302840834
302840833
302840832
302840831
302840830
302840829
302840828
302840827
302840826
302840825
302840824
302840823
302840822
302840821
302840820
302840819
302840818
302840817
302840816
302840815
302840814
302840813
302840812
302840811
302840810
302840809
302840808
302840807
302840806
302840805
302840804
302840803
302840802
302840801
302840800
302840799
302840798
302840797
302840796
302840795
302840794
302840793
302840792
302840791
302840790
302840789
302840788
302840787
302840786
302840785
302840784
302840783
302840782
302840781
302840780
302840779
302840778
302840777
302840776
302840775
302840774
302840773
302840772
302840771
302840770
302840769
302840768
302840767
302840766
302840765
302840764
302840763
302840762
302840761
302840760
302840759
302840758
302840757
302840756
302840755
302840754
302840753
302840752
302840751
302840750
302840749
302840748
302840747
302840746
302840745
302840744
302840743
302840742
302840741
302840740
302840739
302840738
302840737
302840736
302840735
302840734
302840733
302840732
302840731
302840730
302840729
302840728
302840727
302840726
302840725
302840724
302840723
302840722
302840721
302840720
302840719
302840718
302840717
302840716
302840715
302840714
302840713
302840712
302840711
302840710
302840709
302840708
302840707
302840706
302840705
302840704
302840703
302840702
302840701
302840700
302840699
302840698
302840697
302840696
302840695
302840694
302840693
302840692
302840691
302840690
302840689
302840688
302840687
302840686
302840685
302840684
302840683
302840682
302840681
302840680
302840679
302840678
302840677
302840676
302840675
302840674
302840673
302840672
302840671
302840670
302840669
302840668
302840667
302840666
302840665
302840664
302840663
302840662
302840661
302840660
302840659
302840658
302840657
302840656
302840655
302840654
302840653
302840652
302840651
302840650
302840649
302840648
302840647
302840646
302840645
302840644
302840643
302840642
302840641
302840640
302840639
302840638
302840637
302840636
302840635
302840634
302840633
302840632
302840631
302840630
302840629
302840628
302840627
302840626
302840625
302840624
302840623
302840622
302840621
302840620
302840619
302840618
302840617
302840616
302840615
302840614
302840613
302840612
302840611
302840610
302840609
302840608
302840607
302840606
302840605
302840604
302840603
302840602
302840601
302840600
302840599
302840598
302840597
302840596
302840595
302840594
302840593
302840592
302840591
302840590
302840589
302840588
302840587
302840586
302840585
302840584
302840583
302840582
302840581
302840580
302840579
302840578
302840577
302840576
302840575
302840574
302840573
302840572
302840571
302840570
302840569
302840568
302840567
302840566
302840565
302840564
302840563
302840562
302840561
302840560
302840559
302840558
302840557
302840556
302840555
302840554
302840553
302840552
302840551
302840550
302840549
302840548
302840547
302840546
302840545
302840544
302840543
302840542
302840541
302840540
302840539
302840538
302840537
302840536
302840535
302840534
302840533
302840532
302840531
302840530
302840529
302840528
302840527
302840526
302840525
302840524
302840523
302840522
302840521
302840520
302840519
302840518
302840517
302840516
302840515
302840514
302840513
302840512
302840511
302840510
302840509
302840508
302840507
302840506
302840505
302840504
302840503
302840502
302840501
302840500
302840499
302840498
302840497
302840496
302840495
302840494
302840493
302840492
302840491
302840490
302840489
302840488
302840487
302840486
302840485
302840484
302840483
302840482
302840481
302840480
302840479
302840478
302840477
302840476
302840475
302840474
302840473
302840472
302840471
302840470
302840469
302840468
302840467
302840466
302840465
302840464
302840463
302840462
302840461
302840460
302840459
302840458
302840457
302840456
302840455
302840454
302840453
302840452
302840451
302840450
302840449
302840448
302840447
302840446
302840445
302840444
302840443
302840442
302840441
302840440
302840439
302840438
302840437
302840436
302840435
302840434
302840433
302840432
302840431
302840430
302840429
302840428
302840427
302840426
302840425
302840424
302840423
302840422
302840421
302840420
302840419
302840418
302840417
302840416
302840415
302840414
302840413
302840412
302840411
302840410
302840409
302840408
302840407
302840406
302840405
302840404
302840403
302840402
302840401
302840400
302840399
302840398
302840397
302840396
302840395
302840394
302840393
302840392
302840391
302840390
302840389
302840388
302840387
302840386
302840385
302840384
302840383
302840382
302840381
302840380
302840379
302840378
302840377
302840376
302840375
302840374
302840373
302840372
302840371
302840370
302840369
302840368
302840367
302840366
302840365
302840364
302840363
302840362
302840361
302840360
302840359
302840358
302840357
302840356
302840355
302840354
302840353
302840352
302840351
302840350
302840349
302840348
302840347
302840346
302840345
302840344
302840343
302840342
302840341
302840340
302840339
302840338
302840337
302840336
302840335
302840334
302840333
302840332
302840331
302840330
302840329
302840328
302840327
302840326
302840325
302840324
302840323
302840322
302840321
302840320
302840319
302840318
302840317
302840316
302840315
302840314
302840313
302840312
302840311
302840310
302840309
302840308
302840307
302840306
302840305
302840304
302840303
302840302
302840301
302840300
302840299
302840298
302840297
302840296
302840295
302840294
302840293
302840292
302840291
302840290
302840289
302840288
302840287
302840286
302840285
302840284
302840283
302840282
302840281
302840280
302840279
302840278
302840277
302840276
302840275
302840274
302840273
302840272
302840271
302840270
302840269
302840268
302840267
302840266
302840265
302840264
302840263
302840262
302840261
302840260
302840259
302840258
302840257
302840256
302840255
302840254
302840253
302840252
302840251
302840250
302840249
302840248
302840247
302840246
302840245
302840244
302840243
302840242
302840241
302840240
302840239
302840238
302840237
302840236
302840235
302840234
302840233
302840232
302840231
302840230
302840229
302840228
302840227
302840226
302840225
302840224
302840223
302840222
302840221
302840220
302840219
302840218
302840217
302840216
302840215
302840214
302840213
302840212
302840211
302840210
302840209
302840208
302840207
302840206
302840205
302840204
302840203
302840202
302840201
302840200
302840199
302840198
302840197
302840196
302840195
302840194
302840193
302840192
302840191
302840190
302840189
302840188
302840187
302840186
302840185
302840184
302840183
302840182
302840181
302840180
302840179
302840178
302840177
302840176
302840175
302840174
302840173
302840172
302840171
302840170
302840169
302840168
302840167
302840166
302840165
302840164
302840163
302840162
302840161
302840160
302840159
302840158
302840157
302840156
302840155
302840154
302840153
302840152
302840151
302840150
302840149
302840148
302840147
302840146
302840145
302840144
302880987
302880986
302880985
302880984
302880983
302880982
302880981
302880980
302880979
302880978
302880977
302880976
302880975
302880974
302880973
302880972
302880971
302880970
302880969
302880968
302880967
302880966
302880965
302880964
302880963
302880962
302880961
302880960
302880959
302880958
302880957
302880956
302880955
302880954
302880953
302880952
302880951
302880950
302880949
302880948
302880947
302880946
302880945
302880944
302880943
302880942
302880941
302880940
302880939
302880938
302880937
302880936
302880935
302880934
302880933
302880932
302880931
302880930
302880929
302880928
302880927
302880926
302880925
302880924
302880923
302880922
302880921
302880920
302880919
302880918
302880917
302880916
302880915
302880914
302880913
302880912
302880911
302880910
302880909
302880908
302880907
302880906
302880905
302880904
302880903
302880902
302880901
302880900
302880899
302880898
302880897
302880896
302880895
302880894
302880893
302880892
302880891
302880890
302880889
302880888
302880887
302880886
302880885
302880884
302880883
302880882
302880881
302880880
302880879
302880878
302880877
302880876
302880875
302880874
302880873
302880872
302880871
302880870
302880869
302880868
302880867
302880866
302880865
302880864
302880863
302880862
302880861
302880860
302880859
302880858
302880857
302880856
302880855
302880854
302880853
302880852
302880851
302880850
302880849
302880848
302880847
302880846
302880845
302880844
302880843
302880842
302880841
302880840
302880839
302880838
302880837
302880836
302880835
302880834
302880833
302880832
302880831
302880830
302880829
302880828
302880827
302880826
302880825
302880824
302880823
302880822
302880821
302880820
302880819
302880818
302880817
302880816
302880815
302880814
302880813
302880812
302880811
302880810
302880809
302880808
302880807
302880806
302880805
302880804
302880803
302880802
302880801
302880800
302880799
302880798
302880797
302880796
302880795
302880794
302880793
302880792
302880791
302880790
302880789
302880788
302880787
302880786
302880785
302880784
302880783
302880782
302880781
302880780
302880779
302880778
302880777
302880776
302880775
302880774
302880773
302880772
302880771
302880770
302880769
302880768
302880767
302880766
302880765
302880764
302880763
302880762
302880761
302880760
302880759
302880758
302880757
302880756
302880755
302880754
302880753
302880752
302880751
302880750
302880749
302880748
302880747
302880746
302880745
302880744
302880743
302880742
302880741
302880740
302880739
302880738
302880737
302880736
302880735
302880734
302880733
302880732
302880731
302880730
302880729
302880728
302880727
302880726
302880725
302880724
302880723
302880722
302880721
302880720
302880719
302880718
302880717
302880716
302880715
302880714
302880713
302880712
302880711
302880710
302880709
302880708
302880707
302880706
302880705
302880704
302880703
302880702
302880701
302880700
302880699
302880698
302880697
302880696
302880695
302880694
302880693
302880692
302880691
302880690
302880689
302880688
302880687
302880686
302880685
302880684
302880683
302880682
302880681
302880680
302880679
302880678
302880677
302880676
302880675
302880674
302880673
302880672
302880671
302880670
302880669
302880668
302880667
302880666
302880665
302880664
302880663
302880662
302880661
302880660
302880659
302880658
302880657
302880656
302880655
302880654
302880653
302880652
302880651
302880650
302880649
302880648
302880647
302880646
302880645
302880644
302880643
302880642
302880641
302880640
302880639
302880638
302880637
302880636
302880635
302880634
302880633
302880632
302880631
302880630
302880629
302880628
302880627
302880626
302880625
302880624
302880623
302880622
302880621
302880620
302880619
302880618
302880617
302880616
302880615
302880614
302880613
302880612
302880611
302880610
302880609
302880608
302880607
302880606
302880605
302880604
302880603
302880602
302880601
302880600
302880599
302880598
302880597
302880596
302880595
302880594
302880593
302880592
302880591
302880590
302880589
302880588
302880587
302880586
302880585
302880584
302880583
302880582
302880581
302880580
302880579
302880578
302880577
302880576
302880575
302880574
302880573
302880572
302880571
302880570
302880569
302880568
302880567
302880566
302880565
302880564
302880563
302880562
302880561
302880560
302880559
302880558
302880557
302880556
302880555
302880554
302880553
302880552
302880551
302880550
302880549
302880548
302880547
302880546
302880545
302880544
302880543
302880542
302880541
302880540
302880539
302880538
302880537
302880536
302880535
302880534
302880533
302880532
302880531
302880530
302880529
302880528
302880527
302880526
302880525
302880524
302880523
302880522
302880521
302880520
302880519
302880518
302880517
302880516
302880515
302880514
302880513
302880512
302880511
302880510
302880509
302880508
302880507
302880506
302880505
302880504
302880503
302880502
302880501
302880500
302880499
302880498
302880497
302880496
302880495
302880494
302880493
302880492
302880491
302880490
302880489
302880488
302880487
302880486
302880485
302880484
302880483
302880482
302880481
302880480
302880479
302880478
302880477
302880476
302880475
302880474
302880473
302880472
302880471
302880470
302880469
302880468
302880467
302880466
302880465
302880464
302880463
302880462
302880461
302880460
302880459
302880458
302880457
302880456
302880455
302880454
302880453
302880452
302880451
302880450
302880449
302880448
302880447
302880446
302880445
302880444
302880443
302880442
302880441
302880440
302880439
302880438
302880437
302880436
302880435
302880434
302880433
302880432
302880431
302880430
302880429
302880428
302880427
302880426
302880425
302880424
302880423
302880422
302880421
302880420
302880419
302880418
302880417
302880416
302880415
302880414
302880413
302880412
302880411
302880410
302880409
302880408
302880407
302880406
302880405
302880404
302880403
302880402
302880401
302880400
302880399
302880398
302880397
302880396
302880395
302880394
302880393
302880392
302880391
302880390
302880389
302880388
302880387
302880386
302880385
302880384
302880383
302880382
302880381
302880380
302880379
302880378
302880377
302880376
302880375
302880374
302880373
302880372
302880371
302880370
302880369
302880368
302880367
302880366
302880365
302880364
302880363
302880362
302880361
302880360
302880359
302880358
302880357
302880356
302880355
302880354
302880353
302880352
302880351
302880350
302880349
302880348
302880347
302880346
302880345
302880344
302880343
302880342
302880341
302880340
302880339
302880338
302880337
302880336
302880335
302880334
302880333
302880332
302880331
302880330
302880329
302880328
302880327
302880326
302880325
302880324
302880323
302880322
302880321
302880320
302880319
302880318
302880317
302880316
302880315
302880314
302880313
302880312
302880311
302880310
302880309
302880308
302880307
302880306
302880305
302880304
302880303
302880302
302880301
302880300
302880299
302880298
302880297
302880296
302880295
302880294
302880293
302880292
302880291
302880290
302880289
302880288
302880287
302880286
302880285
302880284
302880283
302880282
302880281
302880280
302880279
302880278
302880277
302880276
302880275
302880274
302880273
302880272
302880271
302880270
302880269
302880268
302880267
302880266
302880265
302880264
302880263
302880262
302880261
302880260
302880259
302880258
302880257
302880256
302880255
302880254
302880253
302880252
302880251
302880250
302880249
302880248
302880247
302880246
302880245
302880244
302880243
302880242
302880241
302880240
302880239
302880238
302880237
302880236
302880235
302880234
302880233
302880232
302880231
302880230
302880229
302880228
302880227
302880226
302880225
302880224
302880223
302880222
302880221
302880220
302880219
302880218
302880217
302880216
302880215
302880214
302880213
302880212
302880211
302880210
302880209
302880208
302880207
302880206
302880205
302880204
302880203
302880202
302880201
302880200
302880199
302880198
302880197
302880196
302880195
302880194
302880193
302880192
302880191
302880190
302880189
302880188
302880187
302880186
302880185
302880184
302880183
302880182
302880181
302880180
302880179
302880178
302880177
302880176
302880175
302880174
302880173
302880172
302880171
302880170
302880169
302880168
302880167
302880166
302880165
302880164
302880163
302880162
302880161
302880160
302880159
302880158
302880157
302880156
302880155
302880154
302880153
302880152
302880151
302880150
302880149
302880148
302880147
302880146
302880145
302880144
302880143
302880142
302880141
302880140
302880139
302880138
302880137
302880136
302880135
302880134
302880133
302880132
302880131
302880130
302880129
302880128
302880127
302880126
302880125
302880124
302880123
302880122
302880121
302880120
302880119
302880118
302880117
302880116
302880115
302880114
302880113
302880112
302880111
302880110
302880109
302880108
302880107
302880106
302880105
302880104
302880103
302880102
302880101
302880100
302880099
302880098
302880097
302880096
302880095
302880094
302880093
302880092
302880091
302880090
302880089
302880088
302880087
302880086
302880085
302880084
302880083
302880082
302880081
302880080
302880079
302880078
302880077
302880076
302880075
302880074
302880073
302880072
302880071
302880070
302880069
302880068
302880067
302880066
302880065
302880064
302880063
302880062
302880061
302880060
302880059
302880058
302880057
302880056
302880055
302880054
302880053
302880052
302880051
302880050
302880049
302880048
302880047
302880046
302880045
302880044
302880043
302880042
302880041
302880040
302880039
302880038
302880037
302880036
302880035
302880034
302880033
302880032
302880031
302880030
302880029
302880028
302792577
302792576
302792575
302792574
302792573
302792572
302792571
302792570
302792569
302792568
302792567
302792566
302792565
302792564
302792563
302792562
302792561
302792560
302792559
302792558
302792557
302792556
302792555
302792554
302792553
302792552
302792551
302792550
302792549
302792548
302792547
302792546
302792545
302792544
302792543
302792542
302792541
302792540
302792539
302792538
302792537
302792536
302792535
302792534
302792533
302792532
302792531
302792530
302792529
302792528
302792527
302792526
302792525
302792524
302792523
302792522
302792521
302792520
302792519
302792518
302792517
302792516
302792515
302792514
302792513
302792512
302792511
302792510
302792509
302792508
302792507
302792506
302792505
302792504
302792503
302792502
302792501
302792500
302792499
302792498
302397868
302397867
302397866
302397865
302397864
302397863
302397862
302397861
302397860
302397859
302397858
302397857
302397856
302397855
302397854
302397853
302397852
302397851
302397850
302397849
302397848
302397847
302397846
302397845
302397844
302397843
302397842
302397841
302397840
302397839
302397838
302397837
302397836
302397835
302397834
302398209
302397833
302398208
302397832
302398207
302397831
302398206
302397830
302398205
302397829
302398204
302397828
302398203
302397827
302398202
302397826
302398201
302397825
302398200
302397824
302398199
302397823
302398198
302397822
302398197
302397781
302398196
302397780
302398195
302397779
302398194
302397778
302398193
302397777
302398192
302397776
302398191
302397775
302398190
302397774
302398189
302397773
302398188
302397772
302398187
302397771
302398186
302397770
302398185
302397769
302398184
302397768
302398183
302397767
302398182
302397766
302398181
302397765
302398180
302397764
302398179
302397763
302398178
302397762
302398177
302397761
302398176
302397760
302398175
302397759
302398174
302397758
302398173
302397699
302398172
302397698
302398171
302397697
302398170
302397696
302398169
302397695
302398168
302397694
302398167
302397693
302398166
302397692
302398165
302397691
302398164
302397690
302398163
302397689
302398162
302397688
302398161
302397687
302398160
302397686
302398159
302397685
302398158
302397684
302398157
302397683
302398156
302397682
302398155
302397681
302398154
302397680
302398153
302397679
302398152
302397678
302398151
302397677
302398150
302397676
302398149
302398148
302398147
302398146
302398145
302398144
302398143
302398142
302398141
302398140
302398139
302398138
302398137
302398136
302398135
302398134
302398133
302398132
302398131
302398130
302398129
302398128
302398127
302398126
302398125
302398124
302398123
302398122
302398121
302398120
302398119
302398118
302398117
302398116
302398115
302398114
302398113
302398112
302398111
302398110
302398109
302398108
302398107
302398106
302398105
302398104
302398103
302398102
302398101
302398100
302398099
302398098
302398097
302398096
302398095
302398094
302398093
302398092
302398091
302398090
302398089
302398088
302398087
302398086
302398085
302398084
302398083
302398082
302398081
302398080
302398079
302398078
302398077
302398076
302398075
302398074
302398073
302398072
302398071
302398070
302398069
302398068
302398067
302398066
302398065
302398064
302398063
302398062
302398061
302398060
302398059
302398058
302398057
302398056
302398055
302398054
302398053
302398052
302398051
302398050
302398049
302398048
302398047
302398046
302398045
302398044
302398043
302398042
302398041
302398040
302398039
302398038
302398037
302398036
302398035
302398034
302398033
302398032
302398031
302398030
302398029
302398028
302398027
302398026
302398025
302398024
302398023
302398022
302398021
302398020
302398019
302398018
302398017
302398016
302398015
302398014
302398013
302398012
302398011
302398010
302398009
302398008
302398007
302398006
302398005
302398004
302398003
302398002
302398001
302398000
302397999
302397998
302397997
302397996
302397995
302397994
302397993
302397992
302397991
302397990
302397989
302397988
302397987
302397986
302397985
302397984
302397983
302397982
302397981
302397980
302397979
302397978
302397977
302397976
302397975
302397974
302397973
302397972
302397971
302397970
302397969
302397968
302397967
302397966
302397965
302397964
302397963
302397962
302397961
302397960
302397959
302397958
302397957
302397956
302397955
302397954
302397953
302397952
302397951
302397950
302397949
302397948
302397947
302397946
302397945
302397944
302397943
302397942
302397941
302397940
302397939
302397938
302397937
302397936
302397935
302397934
302397933
302397932
302397931
302397930
302397929
302397928
302397927
302397926
302397925
302397924
302397923
302397922
302397921
302397920
302397919
302397918
302397917
302397916
302397915
302397914
302397913
302397912
302397911
302397910
302397909
302397908
302397907
302397906
302397905
302397904
302397903
302397902
302397901
302397900
302397899
302397898
302397897
302397896
302397895
302397894
302397893
302397892
302397891
302397890
302397889
302397888
302397887
302397886
302397885
302397884
302397883
302397882
302397881
302397880
302397879
302397878
302397877
302397876
302397875
302397874
302397873
302397872
302397871
302397870
302397869
302397821
302397820
302397819
302397818
302397817
302397816
302397815
302397814
302397813
302397812
302397811
302397810
302397809
302397808
302397807
302397806
302397805
302397804
302397803
302397802
302397801
302397800
302397799
302397798
302397797
302397796
302397795
302397794
302397793
302397792
302397791
302397790
302397789
302397788
302397787
302397786
302397785
302397784
302397783
302397782
302397757
302397756
302397755
302397754
302397753
302397752
302397751
302397750
302397749
302397748
302397747
302397746
302397745
302397744
302397743
302397742
302397741
302397740
302397739
302397738
302397737
302397736
302397735
302397734
302397733
302397732
302397731
302397730
302397729
302397728
302397727
302397726
302397725
302397724
302397723
302397722
302397721
302397720
302397719
302397718
302397717
302397716
302397715
302397714
302397713
302397712
302397711
302397710
302397709
302397708
302397707
302397706
302397705
302397704
302397703
302397702
302397701
302397700
302397675
302397674
302397673
302397672
302397671
302397670
302397669
302397668
302397667
302397666
302397665
302397664
302397663
302397662
302397661
302397660
302397659
302397658
302397657
302397656
302397655
302397654
302397653
302397652
302397651
302397650
302397649
302397648
302397647
302397646
302397645
302397644
302397643
302397642
302397641
302397640
302397639
302397638
302397637
302397636
302397635
302397634
302397633
302397632
302041683
302041682
302041681
302041680
302041679
302041678
302041677
302041676
302041675
302041674
302041673
302041672
302041671
302041670
302041669
301826282
301361942
301361941
301361940
301361939