110430632
110798152
110798154
110798155
110798157
110798159
110798161
110798162
110798164
110798165
110798167
110798168
110798170
110798172
110798174
110798175
113374291
113927105
113927107
113927109
113927111
113927113
113927115
113927117
113927119
113927121
113927123
117956257
117956259
117956261
117956263
118153431
118153433
118153435
118153437
121755776
121755778
124295436
124295438
124295440
124295442
124295444
124295446
124295448
124295450
124295452
124295454
124295456
124295458
124295460
124295462
124295464
159034149
169665309
182702146
182702147
182702149
183229409
183229411
183229413
183229415
183229417
183229419
183229421
183229423
183229425
183229427
183229429
183229431
183229433
189313868
206604108
211907050
211907060
212681378
212681388
229424337
258676482
258676494
258676506
258676518
260060504
260060506
260060508
260060510
283510348
283510349
283510350
283510351
283510352
283510353
283510354
289656560
289656562
289656564
289656566
29170477
295060535
295060537
295060539
295060540
295060542
295060544
295060548
295060554
295060556
295060558
295060560
295060562
295060563
295060565
295060567
295060569
295060571
295060573
295060575
301750576
304359456
304359458
304359460
304359462
304359464
304359466
312274315
312274319
317452863
317452866
340366982
340366984
340366986
340366988
340366990
340366992
340366994
340366996
340366998
340367000
340367002
347361081
347363946
347363948
347363950
347363952
350998972
353444830
353444832
353444834
353444838
353444840
353444842
353444844
353444846
353444848
353444850
353444852
353444854
353444856
353444858
353444860
353444862
353444864
353444866
353444870
353444872
353444878
353444882
353444884
353444890
353444892
353444894
353444900
353444902
353444906
353444908
353444912
353444914
353444916
353444918
353444922
353444926
353444930
353444932
353444934
353444936
353444938
353444940
353444942
353444944
353444948
353444950
353444952
353444954
353444958
353444960
353444962
353444964
353444966
353444968
353444970
353444974
353444978
353444986
353444988
353444990
353444994
353444996
353444998
353445000
353445004
353445006
353445008
353445012
353445014
353445016
353445018
353445020
353445024
353445026
353445028
353445030
353445032
353445034
353445036
353445038
353445040
353445042
353445044
353445046
372468322
56311232
56311234
56311236
56311238
56311240
56311242
56311244
56311246
56311248
56311250
56311252
56311254
56311256
56311258
56311260
56311262
56311264
56311276
56311278
56311280
56311282
56311284
56311286
56311288
56311290
56311292
56311294
56311296
56311298
56311300
56311302
56311304
56311306
56311308
56311310
56311312
56311314
56311316
56311318
56311320
56311322
56411775
56411777
56411781
56411785
56411789
56411791
56411793
56411806
56411809
56411815
58416179
58416183
58416187
58416191
58416195
58416205
68138015
70799024
806409
806411
806412
85724677
85724679
85815951
87244983
87244985
87244987
87244989
88656782
89954416
91178211
91178213
91178215
91178217
91178219
94420704
94420708
94420710
94420712
94420714
94420716
94420718
94420720
94449014
94449016
94449018
94449020
95925852
95925854
95925856
95925858
95925860
95925862
