108597802
110164908
124294673
145208884
145208896
145208908
145208920
145208932
145208944
145208968
145208980
145208992
145559630
157785735
170780331
189342843
193795728
193795730
197260969
197709109
197709111
197709113
209781581
209781583
212571732
215478091
215478103
215478115
215478127
215478138
215478150
215478163
218937671
220682203
220961739
220961741
220961743
224776035
224776036
224776037
225403195
225403205
225403217
225403227
225403238
225403250
225403260
225403270
225403280
225403292
226693969
226693979
229595250
237861984
237868670
239586259
239586260
239586262
239586264
239586266
239586268
239586269
239586271
239586273
239586275
239586277
239586279
239586281
239586283
239586284
239586286
239586288
239586290
239586292
251748088
251748139
253750530
255733149
257479888
257479890
257479892
257479894
257479896
257479898
257479900
257479902
257479904
257479906
257479908
257479910
257479912
257479914
257479916
257479918
257479920
257479922
257479924
257479926
257479928
257479930
257479932
257479934
257479936
257479938
257479940
257479942
257479944
257479946
257479948
257479950
257479952
257479954
257479956
257479958
257479960
257479962
258676160
258676162
258676164
258676166
258676168
258676170
258676172
258676174
258676176
258676178
258676180
258676182
258676184
258676186
258676188
258676190
258676192
258676194
258676196
258676198
258676200
258676202
258676204
258676206
258676208
258676210
258676212
258676214
258676216
258676218
258676220
258676222
258676224
258676226
258676228
258676230
258676232
258676234
260279145
260279147
260279149
260595667
260595678
260595689
281323168
281323170
281323172
281323174
281323176
281323178
281323180
281323182
281323183
281323185
281323187
281323189
281323191
281323193
283101141
283101143
283101145
283101147
285803917
285803932
285803947
289495933
293330422
294610799
294610801
294610803
294610805
294610807
294861819
294861821
294861823
294861825
294861827
294861829
294861831
294861835
294861837
294861839
294861841
298199702
306569684
308230423
308230425
308230427
308230429
308230431
308230433
308230435
308230437
308230439
308230441
308230443
308230445
308230447
308230465
308230467
308230469
308230471
308230473
308230475
308230477
308230479
308230481
308230483
308230485
308230487
308230489
308230491
308230493
308230495
308230497
308230499
308230501
308230503
308230505
308230507
308230509
308230511
308230513
308230515
308230517
308230519
308230521
308230523
308230525
308230527
308230529
308230531
308230533
308230535
308230537
308230539
308230541
308230543
308230545
308230547
310769573
310769575
310769577
310769579
310769583
310769585
310769587
310769589
316998095
316998097
326908382
326908398
326908414
326908430
326908446
326908462
326908478
326908494
326908510
326908526
326908542
326908558
326908574
326908590
326908606
326908622
326908638
326908654
326908670
326908686
326908702
326908718
326908734
326908750
326908766
326908782
326908798
326908814
326908830
326908846
326908862
326908878
326908894
326908910
326908926
326908942
326908958
326908974
326908990
326909006
331264481
343129712
343129716
343129720
343129724
343129728
343129732
343129736
343129744
343129752
343129756
343129764
343129768
343129772
343129776
343129784
343129792
343129796
344332697
347465921
347465923
347465925
347465927
347465929
347465931
347465933
347465935
347465939
347465941
347465943
347465945
347465947
347465949
347465951
347465953
347465955
347465957
347465959
347465961
347465963
347465965
347465967
347465969
347465973
347465975
347465977
347465979
347465981
347465985
347465987
347465989
347465991
347465993
347465995
347465999
347466001
347466003
347466005
347466007
347466009
347466011
354682785
354682789
354682793
354682795
358009018
358009020
358009022
358009024
358009026
358009028
358009030
358009032
358009034
358009036
358009038
358009040
358009042
358009044
358009046
358009048
358009050
358009052
358009054
42556132
558605804
558605806
572921563
572921565
572921567
572921569
572921577
572921579
572921581
572921583
572921585
572921587
572921589
572921591
572921593
572921597
572921605
76803866
76803868
76803870
76803872
76803874
85068130
85667876
89514809
89514824
