110746792
110746802
110746812
110746821
110746831
112785272
116008265
116008267
118202163
118202165
126513484
126513486
126513488
126513490
13397900
154268767
157366311
157366313
157366315
158530146
158530148
158828619
162296297
162296299
162945935
162945937
192758567
192758569
214027097
214027109
215254377
226316424
226316426
226316428
226316430
226316432
226316434
226316436
237682463
237682473
237682483
237682493
237682503
237682513
237682523
237682532
237682542
237682552
237682562
237682572
237682582
237682592
237682602
237682612
237682622
237783633
237783634
237783635
237783636
237783637
237783638
237783639
237783640
237783641
237783642
238559917
238559926
238559932
238559939
238559947
238559950
238559953
238559956
238559958
238559962
238559965
238559971
238559974
240015188
242266552
242266553
242266554
242266555
251747936
251747948
251747960
251747972
251747982
251747993
251748004
251748016
251748027
251748039
251748051
251748063
258407521
258558881
258558883
258558885
258558887
258558889
258558891
258558893
258558895
258558897
258558899
258558901
258558903
258558905
258558907
258558909
258558911
258558913
258558915
258558917
258558919
258558921
258558923
258558925
258558927
258558929
258676116
258676118
258676120
258676122
258676124
258676126
258676128
258676130
258676132
258676134
258676136
258676138
258676140
258676142
258676144
258676146
258676148
258676150
258676152
258676154
258676156
258676158
262358200
262358202
262358204
262358206
262358208
262358210
262358212
262358214
262358216
262358218
262358220
262358222
262358224
262358226
262358228
262358230
262358232
262358234
262358236
262358238
262358240
262358242
262358244
262358246
262358248
262358250
262358252
262358254
262358256
262358258
262358260
262358262
262358264
262358266
262527605
262527607
262527609
262527611
262527613
262527615
262527617
262527619
262527621
262527623
262527625
262527627
262527629
262527631
262527633
262527635
262527637
262527639
262527641
262527643
262527645
262527647
262527649
262527651
262527653
262527655
262527657
262527659
262527661
262527663
262527665
262527667
262527669
262527671
262527673
262527674
269927198
269927200
269927202
269927204
269927206
269927208
269927210
281486477
281486479
281486485
281486487
281486491
281486493
281486497
281486499
281486503
281486505
281486507
281486511
281486513
281486517
281486519
281486525
281486527
281486531
281486533
281486537
281486539
281486543
281486545
281486547
281486549
281486551
281486553
281486557
281486559
281486563
281486565
281486567
281486569
281486571
281486573
281486579
284180204
284180210
284180212
284180216
284180218
284180222
284180224
284180228
284180230
284180232
284180236
284180238
284180242
284180244
284795160
284999594
284999596
288551407
300834678
300834680
300834682
300834684
300834686
300834688
300834689
300834691
300834693
300834695
300834697
300834699
300834701
300834703
300834705
300834707
300834709
300834710
300834712
300834714
300834716
300834718
300834720
300834722
300834724
300834726
300834728
300834730
300834732
300834734
300834736
300834738
300834740
300834742
300834744
300834746
305660841
305660845
305660847
305660851
305660853
305660857
305660859
305660861
305660865
305660867
305660871
305660873
305660877
305660879
308230449
308230451
308230453
308230455
308230457
308230459
308230461
308230463
308230549
308230551
308230553
308230555
308230557
308230559
308230561
308230563
308230565
308230567
308230569
308230571
308230573
308230575
308230577
315063855
315063857
315434508
324497636
332183925
332271580
332271582
332271584
332271586
332271588
33304214
347015128
347015130
347015131
347015133
347015134
347015136
347015138
347015140
347015141
347015143
347015144
347015146
347015148
347015150
354684076
356892495
356892497
372349655
380513815
380513819
38098849
38098851
38098853
388771511
388771532
388771554
388771575
388771599
388771631
388771656
395484564
395484568
395484572
395484576
395484584
395484588
395484592
395484596
399140223
399227061
400294498
402234660
402234662
402234664
402235146
404553529
404553537
407830448
407830452
407830456
407830460
407830464
407830468
407830472
407830476
407830480
407830484
407830488
407830492
418470982
46452180
46452182
46452186
46452188
52221236
52221238
52221244
52221409
60219106
63098796
73913005
74054227
74054229
82570511
82570513
82570514
82570516
85680429
89146512
89146515
90101877
90101879
90101881
90101883
90101887
90101889
90101895
90101897
90101899
90101901
90101903
90101907
90101909
90101912
94315241
94315245
94315247
