58057
32536
284517
568927
706245
9646
244084
28680
75834
75839
45630
8839
75854
45632
27642
148021
8843
8849
107021
8845
132587
249033
39030
129246
129247
54292
256595
214933
105297
10129
9234
9226
139309
30390
188375
54971
9417
27634
40228
40229
40230
188568
219594
189534
69079
456472
456473
83759
9902
30520
30521
9915
72004
9913
184712
8853
671078
89462
110668
1330375
8855
192723
279936
227173
217133
279940
279941
217132
425635
272047
9483
9837
9838
9614
9612
68725
9925
61394
8951
270764
138695
40233
208969
10141
9807
36223
9620
9860
556902
478698
242384
797724
258889
50353
34839
9534
60711
1192867
68728
197941
555237
8932
343929
33614
701737
9091
93934
10029
167044
9678
219595
8869
748910
409018
58060
298109
9400
7962
9749
60182
106343
298896
9430
42147
226546
326081
58063
77214
58065
259053
82468
259054
372077
903567
1410044
77231
29078
502802
2080586
59451
138978
59452
258942
9793
9796
757341
9365
34886
27619
2491053
9685
9683
107377
9123
9031
410302
9894
909369
9731
27638
9593
31908
37179
249020
186990
157961
302402
270698
59453
58069
354743
175524
1207989
334201
188569
463808
186991
37189
9606
9883
999321
867834
109485
143286
360967
43179
51337
633648
9962
110938
9844
35669
28681
8915
119606
119637
8912
243888
119608
1449541
46844
32538
46842
61382
857467
100182
1001577
118797
58071
148061
40157
425201
9622
61383
13125
191816
61384
9541
9544
29076
110941
584996
2603869
9974
75832
8838
75861
76720
35658
69081
69127
9413
298110
374419
77233
58073
507958
9103
204267
52808
261754
10036
148094
472707
77235
29092
47230
441364
117605
187007
187008
221087
438766
221086
1434095
291302
258934
9433
1269259
27622
124751
258863
452595
999964
177185
187017
397332
10089
10097
10098
10105
10090
36723
9666
9668
447135
527686
537920
77243
59462
109482
109478
257882
109477
225399
159324
98922
225400
109480
452653
519446
225401
138977
155915
452654
587652
59463
187014
138979
159330
51298
109481
153286
412095
392004
526407
386774
203696
124752
258940
9435
159335
160974
94961
498220
29088
189058
258944
452646
248811
69083
425033
83774
83757
61853
8996
59464
59465
51300
375553
187011
34880
175523
59467
101278
27627
9872
9874
356909
9733
234626
9986
258867
9940
9675
9598
9689
9691
9694
9555
71117
472713
48849
9049
9829
8987
27672
10041
10042
37046
9209
279952
38626
9054
9720
89673
34924
591936
105295
258946
294653
59472
59473
59474
246814
371930
259913
61862
272799
9601
54567
37029
37030
9654
555335
132907
94956
59476
118856
9402
328804
143291
166054
196297
48688
9696
1608482
182897
125283
30457
114375
69077
83752
34854
69074
435406
69075
508668
10116
10117
35732
2683850
226822
2202208
121573
320431
59477
249024
519037
376555
302408
59478
867891
196296
178895
49443
109476
59479
77218
519039
2603865
196889
608659
76836
342862
169756
188571
159858
188572
2603866
608708
519041
89399
430491
476589
270786
61622
124756
53275
146130
9407
58083
9408
77223
2709556
662561
227184
27679
258952
159339
153297
249034
258953
125947
231566
92120
182949
42254
75838
75842
37081
108405
192403
27660
9172
9378
83761
9823
119562
9438
8889
45638
187003
1381355
9565
66437
69298
549403
1195082
329870
338351
411519
9187
79784
9739
258959
526822
244585
9643
9644
29073
59485
105273
30538
9627
9704
