2042591
694006
693997
1906673
2419667
694014
694009
1697926
1911231
2163008
2042539
1269302
1269305
1269306
1269307
2569586
1934040
1289544
1289550
2501960
1679909
1679920
1508222
2050018
1964806
1964807
1964810
1964811
1508224
1964808
1679884
1679917
1679918
2794357
694003
694005
2734510
2776968
1269312
1269313
1269315
1289549
1289551
1508220
1897067
1897068
1897069
1269292
1269314
1289546
1289556
2042542
2042538
2042565
2856874
1244203
393045
693998
1679922
1508223
1986198
1697925
2724194
643398
11137
1335626
1962851
694448
983922
681850
1269294
1269298
2042644
1897070
1897071
1897072
566558
1346295
1269293
1269295
1269296
1269300
1269303
1269304
1269309
1269310
1269311
1289547
2042567
983929
983923
983924
681883
2687252
2687255
28295
1649336
1159903
2249315
2042574
1868639
1868640
1868641
1868634
1868635
1868637
1805463
702734
2604656
2042551
1928434
2591232
2042580
694007
2830724
694015
2042582
482176
1868636
1476949
1476950
1476951
1644142
903568
903569
903570
903571
903572
903573
903574
903575
903576
903577
903578
903579
903580
681864
681865
681866
681869
681870
903582
903583
903584
903585
903586
903587
903588
903589
903590
903591
903598
903622
903623
903624
903625
903626
903627
903628
903629
903630
903631
903632
903633
903634
903635
903636
903637
2042604
2126098
2042549
2042550
2501962
1964809
903592
903593
903594
2042556
1235419
931900
931914
931896
931908
931909
931910
931892
931916
931915
931912
931911
931907
931905
931904
931903
931902
931901
931899
931898
931893
931897
931913
931906
931895
931894
1034321
1004948
461309
1076428
2687254
1458241
2042701
2687253
2778965
2772455
2664184
2823279
2720538
1965093
1897073
2687256
2421386
1159902
229103
1965089
622712
1897074
566559
1868638
2042540
643399
1446361
1018469
2042561
1225483
1225484
1225485
2042557
2042569
2042570
2042586
1117225
2042576
2042575
2717670
2717671
2717673
890398
2042577
2691598
2042696
2042553
1788418
1788413
1788419
1699358
1699359
1788457
1788458
1788459
2691597
2501961
1541206
1541207
1541208
1541209
1541210
2042547
2749448
2749449
2749450
1428481
290028
277944
384335
2020423
1076426
1429868
1076427
693999
2856875
1881087
1881089
1532164
1532165
1532166
1532167
1532168
1532169
1532170
1532171
1532175
2605444
1679873
1679874
1679875
1679876
1679877
1679878
1679879
1679880
1679881
2042590
1289548
1297661
1717204
1717205
2042578
681854
989337
2708335
2748747
1159908
2042546
1225486
1225487
1805601
2520503
1679885
1679900
1679901
1679904
1679905
1679906
1679908
1679912
681885
550973
550975
550977
996626
996628
996627
996629
1052262
996630
1052263
1788420
1788421
1788422
1503281
1503282
1503284
1503285
1503287
2042562
694000
1788460
1788463
1788464
1788465
1788466
1788467
1788468
694001
1881088
1788423
1788424
1788473
1788474
1788478
2042554
681875
681876
2042642
681878
681879
681880
681881
2042643
983928
393046
1532172
1532173
903599
903600
903601
903602
903603
903604
903605
983926
2691587
1076415
1508221
389160
864596
864610
864611
864612
864613
864614
864615
864616
864617
864618
389145
550976
1788425
1788415
1788416
1788426
1788427
1788428
2042589
1508225
1788483
1788461
1788462
1788469
1788470
1788471
1788472
1788475
1788476
1788477
1788479
1788480
1788481
1788482
2691588
2042699
1269299
1288687
1288688
1288689
1288690
1288691
1288692
1288693
1288694
1288695
1288696
1288697
1288698
1288699
1288700
1288701
1288702
1379866
1897075
1897076
1269297
1532174
2042548
2042560
1261612
2042579
2042594
2042588
1679886
1679888
2163884
1264898
1076296
1076295
727988
366619
727989
727990
2520502
1679883
1679887
1679889
1679890
1679891
1679892
1679893
1679894
1679895
1679896
1679897
1679898
1679899
1679902
1679903
1679907
1679916
1679919
497941
1746083
1076416
1458242
1289552
2856876
2856877
2856878
2856879
497929
497936
497932
497935
497930
497938
497939
497931
497933
497934
497937
745732
745740
745739
745729
745730
745733
745738
745734
745731
1076422
497942
497951
497950
497949
497948
497947
1146847
1146848
1146849
1146850
1146851
864619
1503294
1511626
745735
745736
745737
2042583
1699317
1699318
1699319
1699320
1699321
1699322
1699323
1699324
1699325
1699326
1699327
1699328
1699329
1699330
1699331
1699332
1699333
1699334
1699335
1699336
1699337
1699338
1699339
1699340
1699341
1699342
1699343
1699344
1699345
1699346
1699347
1699348
1487701
1487704
1487702
1508226
2042584
2856880
1913643
461304
1004949
461305
461306
461307
461308
550972
1076423
996612
1511620
2042563
1746084
1746085
1746086
1146852
1146853
1146854
1146855
1146856
1146857
1146858
1146859
1146860
1146861
1146862
1146863
1146864
1511623
1897077
2664421
1288684
2042581
2501927
2856881
2856882
1897078
1289553
1034322
1034320
1480113
2795397
1913642
766792
1076417
1076418
1076419
1076420
1076421
864608
1429855
745725
745724
745727
745726
2501928
1289555
2794341
2794340
2520501
1679924
1679925
1679926
1679927
1679928
1898672
1160968
681848
681849
2794216
1235421
679171
1269316
1269317
2814911
2814912
2814914
2814913
2691590
2023657
694008
2042559
2492656
2492657
2492658
1076424
1429852
1429853
1381362
1429856
1429857
1429858
1429859
1429860
1429861
1429862
1284372
1284374
1746087
497940
497945
1696541
1696542
1696543
745728
745741
2042585
1284373
1746088
497943
497944
497946
1511621
1117224
1379867
1346291
1346292
1346293
1346294
1269301
1269308
1269318
1289545
2042537
2042592
1403203
1403204
1403205
1403206
2042543
2042571
1644140
1643897
1644141
1643898
1643902
1643896
1644139
1644147
1643899
1643900
1643901
1644144
1644145
574549
2707191
1679910
2520504
1679882
1679923
1679913
1679914
1679915
2801851
2801852
2801853
2801854
2801855
1788429
1788430
1788417
2591234
2591235
2591236
2591237
2591238
2042564
2691595
2856883
2856884
2856885
2856886
2856887
2856888
2856889
2856890
2856891
2856892
2856893
2856894
2856895
2856896
2856897
2856898
2856899
2856900
2856901
2856902
2856903
2856904
2856905
2856906
2856907
2856908
1788485
1788489
1788495
1788496
1788497
2042593
864589
864590
864591
864592
864600
864601
864603
864606
864609
1346296
1261614
1261615
864621
864622
864593
864594
864602
864605
1346297
1346298
1346299
1511622
1737344
2042700
864595
864598
864599
864607
550971
389165
2836123
1346300
1346301
1346302
1346303
1346304
1346305
1346306
1503293
1503297
1503298
1511624
2487700
2501926
669512
669513
669514
2836124
1346307
1346308
1346309
1346310
1346311
1346312
1346313
1346314
1346315
1346316
1346317
1346318
1429864
1429865
1429866
1511625
1487705
903595
903596
903597
550974
864597
864604
1881090
2856909
2108211
2042552
1788431
663565
1415830
1415831
1415832
1415833
1415835
1415836
1415837
1415838
1415839
1415840
1415841
1415842
1415843
1415844
1415845
1415846
1415847
1415848
1415849
1415850
1788484
1788486
1788498
1788487
1788488
1788490
1788491
1788492
1788493
1788494
2586419
2856910
2856911
2856912
2856913
2856914
2856915
2856916
2856917
2856918
2856919
2856920
1739625
1699349
1381363
1381364
1381358
441977
681852
681855
681856
681857
681858
681859
681860
681871
681873
681874
903614
903615
903616
903617
903618
2691585
983925
1699350
1699351
1699352
1699353
1699354
1699355
1699356
1699357
1934038
702733
2591228
2591229
2591230
2591231
2691592
1881051
2042558
2050019
2042566
1897079
1897080
1897081
2042541
1643330
1508228
2032731
2045491
2691576
1920891
1289554
2748374
1381359
2501929
2042555
2042587
2116470
1297662
572290
2716128
2691589
2023658
2586420
2856921
2856922
2856923
2856924
2856925
2856926
2856927
2856928
2856929
2856930
2856931
1770168
669204
