380988
380988
380988
522214
522212
464521
464521
464521
464521
118202
891465
118202
739130
891465
943152
901018
901019
901018
943152
901018
901018
901019
901018
901018
901019
901019
943152
901018
901018
901018
901019
214027
214027
215254
281486
281486
281486
281486
281486
281486
281486
281486
281486
281486
281486
281486
281486
281486
281486
281486
281486
281486
281486
281486
281486
281486
281486
281486
281486
281486
281486
281486
281486
281486
281486
281486
281486
281486
281486
281486
305660
284180
305660
305660
305660
284180
305660
315063
284180
284180
305660
305660
284180
305660
284180
315434
305660
284180
284180
284180
284180
305660
284180
284180
305660
288551
315063
284180
305660
284180
305660
305660
418470
522214
522212
464521
464521
464521
464521
118202
891465
118202
739130
891465
943152
901018
901019
901018
943152
901018
901018
901019
901018
901018
901019
901019
943152
901018
901018
901018
901019
214027
214027
215254
281486
281486
281486
281486
281486
281486
281486
281486
281486
281486
281486
281486
281486
281486
281486
281486
281486
281486
281486
281486
281486
281486
281486
281486
281486
281486
281486
281486
281486
281486
281486
281486
281486
281486
281486
281486
305660
284180
305660
305660
305660
284180
305660
315063
284180
284180
305660
305660
284180
305660
284180
315434
305660
284180
284180
284180
284180
305660
284180
284180
305660
288551
315063
284180
305660
284180
305660
305660
418470
630987
740542
740542
825705
825705
825705
825705
237682
237682
237682
237682
237682
237682
237682
237682
237682
237682
237682
237682
237682
237682
237682
237682
237682
237783
237783
237783
237783
237783
237783
237783
237783
237783
237783
238559
238559
238559
238559
238559
238559
238559
238559
238559
238559
238559
238559
238559
240015
242266
242266
242266
242266
251747
251747
251747
251747
251747
251747
251748
251748
251748
251748
251748
251748
262527
262527
262527
262527
262527
262527
262527
262527
262527
262527
262527
262527
262527
262527
262527
262527
262527
262527
262527
262527
262527
262527
262527
262527
262527
262527
262527
262527
262527
262527
262527
262527
262527
262527
262527
262527
226316
226316
226316
226316
226316
226316
226316
300834
300834
300834
300834
300834
300834
300834
300834
308230
308230
308230
308230
308230
308230
308230
308230
308230
308230
308230
308230
308230
308230
308230
404553
404553
112785
157366
157366
157366
158530
158530
262358
262358
262358
262358
262358
262358
262358
262358
262358
262358
262358
262358
262358
262358
262358
262358
262358
262358
262358
262358
262358
262358
262358
262358
262358
262358
262358
262358
262358
262358
262358
262358
262358
262358
258676
258676
258676
258676
258676
258676
258676
258676
258676
258676
258676
258676
258676
258676
258676
258676
258676
258676
258676
258676
258676
258676
300834
300834
300834
300834
300834
300834
300834
300834
300834
300834
300834
300834
300834
300834
300834
300834
300834
300834
300834
300834
300834
300834
300834
300834
300834
300834
300834
300834
308230
308230
308230
308230
308230
308230
308230
308230
380513
380513
192758
192758
522212
522212
133979
333042
602191
856804
110746
110746
110746
110746
110746
126513
126513
126513
126513
162296
162945
258407
284999
284999
324497
116008
116008
154268
158828
162296
162945
269927
269927
269927
269927
269927
269927
269927
258558
258558
258558
258558
258558
258558
258558
258558
258558
258558
258558
258558
258558
258558
258558
258558
258558
258558
258558
258558
258558
258558
258558
258558
258558
284795
332183
332271
332271
332271
332271
332271
347015
347015
347015
347015
347015
347015
347015
347015
347015
347015
347015
347015
347015
347015
354684
356892
356892
372349
388771
388771
388771
388771
388771
388771
388771
395484
395484
395484
395484
395484
395484
395484
395484
399140
399227
400294
402234
402234
402234
402235
407830
407830
407830
407830
407830
407830
407830
407830
407830
407830
407830
407830
