38527
29094
29098
682468
57777
54769
8177
72011
8605
266336
670521
238051
175435
261198
8957
258530
211598
56330
210844
58057
80791
32536
27689
7907
7902
42330
36177
7906
7903
7904
10068
60744
81631
37436
51850
451382
279927
317300
68472
68474
52609
48156
2233869
335395
190659
59515
57236
73327
103375
8959
270546
257879
461400
9897
215406
121561
284517
253247
568927
197464
103336
706245
60463
60464
60465
60466
60467
60468
60469
84835
39638
9191
8718
8720
8715
2675479
9646
9649
8832
8833
29095
29096
140761
106112
230113
106114
484371
140762
36245
59517
9852
999462
9078
40178
9079
173327
1548930
309870
458117
54135
8496
38654
100224
147649
147650
329634
30382
30590
9502
182256
198115
30589
182253
121123
9503
400184
8443
247729
261959
12930
241569
151758
241563
152277
151759
229553
244070
151760
244075
241578
241562
151761
152276
244081
244082
57393
241584
244084
229552
1209394
498364
270327
109273
84791
392305
1411162
43114
2511205
8296
43115
8306
8305
219545
27778
8535
476914
215382
2502157
9899
80972
161767
229075
64144
8204
28680
75834
8837
75836
45631
75839
75840
75841
75843
75845
75846
75847
75848
45630
75852
75853
8839
75854
75855
75856
75857
75859
45632
75862
75863
1706835
8389
30325
192200
47559
141262
7936
7940
7937
7939
7938
56067
2039642
51900
178882
141892
28377
38893
38937
229290
27642
148021
127560
268756
297802
297803
50365
8843
132585
8849
107021
8845
132586
132587
8846
56281
8851
51891
461324
461325
241820
266367
698975
45798
1463608
45804
59523
2717063
1977160
2717088
9891
59525
279965
249033
9440
452597
30591
292213
43147
37293
9505
57176
142466
39617
225389
39030
61837
754351
129246
129247
54292
256595
214933
100382
262051
105297
134909
105296
10129
134910
274068
9233
9234
2696672
308060
52408
8961
8962
252784
52410
252781
467031
9226
176013
303304
176014
57237
467030
178883
231027
51908
176015
119682
161928
29084
30584
37190
37194
139309
110620
30390
56072
585464
1934105
48683
188375
1158920
670334
54971
279931
446415
442169
9081
172269
300221
1109026
40224
51010
40226
9417
27634
40228
40229
40230
40240
68478
121563
61156
1047088
1276134
188568
56267
111810
51883
461326
50733
7994
9368
9507
118643
9508
9509
129801
9510
318267
126797
110225
192881
34836
210642
240152
122246
30531
57737
189533
30385
1177618
189535
219593
219594
189534
197939
110915
41806
88114
142467
213557
56219
331523
27602
9767
9768
9770
30414
925459
77229
9083
69079
456472
456473
490309
59449
40830
98391
309859
85526
48422
55047
247737
59527
83759
223568
69259
241101
9901
9902
110196
8693
8694
8695
227091
9387
183658
183659
248133
58317
8574
401042
241268
92519
211877
150288
10081
161648
125297
9000
36219
30520
9904
30521
9915
9906
72004
9909
9913
297284
9917
188376
44725
8725
48083
62067
30594
9354
9355
184712
8853
371860
184711
184715
56282
224708
174280
671078
178886
89462
346063
30461
126804
371907
748877
56268
110668
279934
107022
153643
37181
8384
30331
655841
1330375
585466
85105
335207
223853
30397
56263
224669
115229
223475
223441
115134
223437
156757
223496
223497
433628
110671
1303088
1756215
30596
535897
70825
70927
141836
141834
141274
12983
141837
136504
141835
986097
274074
141271
1344800
8499
190476
8855
1364912
192723
279936
8919
227173
217133
279940
279941
670340
279935
217132
279961
425635
272047
70814
9495
435136
229100
67771
67773
52231
9483
57378
986101
75871
271259
34884
64677
127500
64678
64676
76772
187106
414451
56210
160455
56211
56212
162310
48253
30374
992409
70610
9244
371909
35551
986098
48878
9837
9838
68723
68724
9614
9612
68725
32534
264151
9923
72540
48167
9925
72542
72543
80419
72544
9858
9966
34865
111811
61394
8951
181460
274469
173346
7957
217509
101364
98964
270764
37600
8467
138695
40233
208969
138697
175930
175933
2713617
51338
10185
43455
159581
9185
159579
91951
7971
10144
10141
9493
9514
9516
2715852
37295
317158
990671
9002
1540822
171732
28806
184440
121387
309930
91743
1146960
160709
129223
97360
70738
129226
129227
129230
50347
129232
129233
8697
30347
9807
255237
9531
75569
9532
9530
867370
36223
303588
9535
1137511
36224
1137474
1137048
161496
167130
9536
1137481
1191211
36225
36226
36227
36228
100487
102108
1137049
1579530
263448
9620
1574408
9860
9863
556902
478698
242384
797724
38665
145413
39042
466113
37949
281677
39045
340076
8897
1124596
187108
258889
50353
179908
215402
413233
64146
64149
64152
933992
29144
279942
50399
291285
30388
290113
546515
426094
2576622
450224
109905
48191
48171
8469
50047
904182
8475
45644
286001
51747
34839
269650
91500
187382
172680
297805
297806
44316
8861
541009
37601
9534
460675
1284215
60710
60711
60712
64799
269271
193513
27675
9358
2772041
1192863
1569666
287016
2547444
1192867
94184
148086
8479
68728
9088
9089
52775
8928
127875
321084
8964
43466
94186
78203
2675520
197941
172537
403224
7950
30724
37609
390691
73858
637443
187985
286537
51355
555237
907075
1244808
9014
54131
33548
9572
30423
8590
135627
8932
8934
177143
111974
115618
504887
30543
86968
59528
9927
237657
266347
183522
343929
188338
176022
33614
51860
51861
709348
126612
27773
59861
59291
884168
85066
279967
56781
181096
30422
108826
75140
134902
36249
349685
701737
27674
124745
664758
85095
8863
57734
9091
93934
1120791
69135
228452
228435
228431
228432
84988
1157628
107265
10085
329629
10029
10030
10032
10034
1892170
167044
214441
2050024
214442
61090
148970
148971
214444
167043
109474
214445
641488
516697
148977
214449
36802
183721
52631
361457
420543
184234
184237
8501
8502
68455
9678
304459
9096
8730
125866
8746
8731
125865
35024
44709
384065
8733
8737
8739
103947
33598
2058948
43048
10166
171735
7959
116115
500334
51212
108852
43163
156563
28727
309862
193059
51902
114432
114435
2778878
114440
84074
8103
8868
541010
48397
110926
219595
41691
8869
50794
41010
345019
244447
341731
748910
409018
45479
99825
45480
99826
99827
102207
137245
58060
298109
9400
80640
308847
175273
87707
7962
1221224
39293
1170828
8707
8939
30532
9929
9931
7955
80949
80950
50790
32542
71173
121564
186579
193455
42152
34846
258928
592573
72131
9361
32544
146142
146143
166264
58220
146144
88116
9749
103584
9728
8623
8621
43471
85590
92724
81522
137523
8873
60182
8876
69260
435234
561093
106343
1001553
27794
51904
298896
9430
52099
279537
52100
52101
52102
52103
52104
179530
179531
1346618
52105
52106
52108
390672
158804
148087
13489
9805
148088
85953
42716
85694
9268
9267
229062
46550
178888
148089
118209
48914
38941
87756
1567522
723804
10017
10018
94247
94248
323374
10020
73863
83878
170213
522445
42147
223795
182351
69268
336262
249021
420545
226546
8790
761979
118200
221696
55145
30342
8422
109175
30343
115645
111981
30335
326081
913735
162630
176024
110682
188379
390973
110681
58063
77214
204263
74366
74362
74398
109298
43332
1539979
8047
9783
210139
221695
53277
107283
107284
107286
50406
460200
504295
260902
37595
160761
74588
36250
30425
125294
267980
209618
183525
164674
85613
81640
42892
34882
1549141
345190
176039
58065
175941
44318
274060
176075
259049
577681
259050
259053
870527
870526
82468
259054
699554
699555
179536
215347
160715
152218
203261
306578
94232
309632
327828
160718
293821
1074816
2528762
310571
162300
179535
1849795
153620
308564
203262
862700
372077
903567
58067
1410044
1812330
77231
7764
177183
159320
124746
29078
258906
502802
2080586
59451
138978
59452
258942
9793
319699
9790
9796
1050200
1114792
9792
9794
94398
9798
9791
34844
27787
39304
757341
9365
1052165
37610
9538
425633
9764
8010
126735
184451
247542
247541
54350
641303
302778
238232
160595
218808
980894
153291
371913
69308
8805
79627
37083
1215604
13514
13515
30602
34829
859984
34886
124747
649740
27619
1115866
27620
51876
119403
261736
84817
229097
229098
89385
74365
51898
752200
492513
1743266
332575
43044
422567
52111
43325
426098
1459826
497151
119711
1276898
345155
345164
495941
8953
495962
453957
56349
321056
279964
148594
8954
148596
120794
56350
344233
100819
56351
254539
2491053
110108
9685
61376
61378
61379
9683
103592
46689
369969
126711
369970
123377
309844
69957
345187
472989
28701
43311
28702
37042
37598
36255
81903
555254
9121
555256
555257
30455
64681
2505936
8078
1235483
234638
226680
187939
185737
1042646
80720
8049
426100
9465
89672
55052
210644
263710
470561
61400
261967
107377
9123
9031
9033
37273
148071
137080
238855
98127
56783
69293
37039
1229624
69300
37751
69302
69307
59529
218819
36310
2116494
94190
205595
220101
154954
286019
260639
27682
115648
471127
48883
182909
142474
135433
115651
334984
410299
410301
410302
410306
298880
298882
143504
1389957
79683
9894
439325
409609
214657
214659
78217
121724
64683
909367
909369
55147
41261
38241
9731
177159
177161
177162
27638
176041
135974
335392
335393
34819
27704
203314
203310
121585
427908
189504
39313
38772
286003
38773
499232
9593
115654
126289
116992
254541
274800
248794
83653
118865
1223622
221682
221700
51346
221698
221699
8481
33571
9117
40816
30415
40818
40817
1171711
9111
51906
30392
48420
42494
33616
468484
9132
189505
33610
36247
36248
341451
134760
185689
2587770
31908
279960
458153
30427
142468
119718
342381
1003843
8969
52644
52645
52647
8971
9711
215329
101187
530171
218786
122222
13557
303557
1591025
209871
9634
443698
1235482
1096448
226685
234639
8551
8554
175788
75350
146913
47729
217708
262124
96741
37179
376633
2704970
39705
9700
328699
95544
348153
56798
70275
225398
227231
64801
136300
34817
8267
9833
249020
186990
635128
157961
302402
170233
270698
59453
584995
58069
354743
584997
867828
175524
1207989
334201
188569
463808
394056
186991
185215
37186
37189
317129
43150
258919
1161940
742904
68165
75024
218787
89098
192599
9606
61851
127645
110072
103373
176501
561366
138705
201498
61971
95912
264545
181607
410827
71162
10149
160448
9883
425641
265622
29086
334658
530175
89099
9579
716691
9580
81572
9588
9589
673354
172420
34858
1427027
913014
209855
337584
41265
100945
294368
88175
300346
13095
7965
159453
293917
232417
107210
166778
448084
374649
57812
999321
867834
109485
10138
143286
10137
192883
360967
178820
178821
205599
126702
328043
1288290
8453
54263
270582
66913
7998
135437
105513
223164
84829
43179
371914
7973
8517
221924
260613
34827
149089
652442
54506
175119
88177
37698
65612
670346
188382
54508
51337
316366
459284
40217
189526
167934
143345
8226
1429989
633648
142487
9962
59530
59531
59532
27615
9752
310914
274803
72446
84645
241309
56723
508554
80442
65476
110938
103594
90246
27610
90247
27611
204814
435151
52650
64668
65624
767357
9519
767355
767356
175522
9844
9840
7748
1240242
94888
140017
56324
337178
28713
276763
187436
215358
35669
119635
126681
28681
179808
126683
37036
8915
119606
118194
119637
8912
119627
119967
119607
243888
119608
433637
27667
1449541
30668
258932
258930
258929
8164
315492
8187
678569
97162
435159
218804
317033
59837
62259
201335
36275
79949
84769
121566
121567
9447
9487
9489
57374
30588
61406
46844
61386
32538
46842
61382
857467
69073
8472
27788
670522
122230
9453
201688
270329
13106
270330
270331
61405
461283
9713
55054
59456
33589
115657
48086
48087
9981
100181
9983
100182
63224
62621
980415
98928
69811
58325
126679
690715
328019
217134
1001577
27771
161678
104071
161680
90717
348154
323369
348155
118797
58071
323757
8324
8400
145282
200788
190277
298395
8404
190274
45438
50591
69311
568895
101849
190509
148061
1036803
247806
414889
414892
40157
76717
292417
30790
75567
75566
471713
279951
9040
409031
263451
140443
140445
9046
1162392
2661599
51348
2082263
2082264
1116258
83535
2082267
471714
69944
64802
286692
9785
99490
89122
228306
391696
211834
40505
396786
40503
273455
232193
264213
211833
9657
240734
68736
354191
68737
425201
68734
9622
74361
61383
13125
191816
61384
1233216
9540
9551
281404
281405
90381
78449
9541
9542
90382
90387
1885588
90383
9544
402888
9545
54600
90384
90385
230653
9548
54601
9552
9553
9546
54602
40843
135761
29076
326083
138129
37057
110941
584996
2603869
158451
9316
9317
206124
92651
9419
473319
66434
1027994
630739
286009
112226
45646
223801
1496311
51753
55807
9568
9561
9974
143292
44314
75832
75844
8838
75858
75861
75875
42719
126295
225729
91496
38020
126298
71802
93162
93163
9995
9660
9659
29065
36721
76720
36722
644772
35658
41268
121569
10112
260622
260630
69081
69127
43334
52407
397613
9413
915257
37085
298110
374419
77233
1464015
58073
9773
507958
377254
56083
1581554
371864
198027
371863
8056
218793
47582
111991
120844
9103
702266
9662
9664
204267
36796
13146
44398
44397
9636
52808
238744
47692
30547
30548
107026
8880
298887
298886
261754
37435
504099
10047
8058
89952
265611
361449
10036
10037
30627
148094
48745
48708
27616
52114
42725
2609496
472707
9482
52232
2592806
163146
146618
1517963
30608
122232
461219
80721
329863
1206715
1497433
364245
229052
469768
229053
364246
387934
143527
81636
13151
148066
278729
29154
77235
147949
225393
225060
27706
106175
89058
29092
47230
100895
269652
184257
100897
269655
1665529
537919
269657
470139
88450
79202
523745
79684
64717
10058
111840
269658
284740
121583
52810
43518
245849
60713
441364
1574122
117605
187007
187008
409372
568717
221087
438766
647620
291301
221086
1434095
291302
258934
9433
947061
626227
154819
100488
36231
9716
9715
194921
182936
409036
270771
999942
1269259
27622
1982945
124751
58076
84834
84836
248254
882749
181435
302772
13616
587434
43700
2557930
258863
452596
452595
461328
51896
129333
59460
525717
999964
46260
46259
46261
34816
1885027
37578
57658
68408
68412
45807
56325
180448
154817
196770
48193
37007
87757
210652
9888
9886
7946
685730
611780
177185
187017
187021
544437
27681
397332
10089
10097
10098
41270
10105
60742
10090
10093
10102
10103
10096
254704
473865
39082
670349
119412
36723
55048
272460
9666
77151
36239
9668
36240
79736
33587
52781
238987
196038
190023
176066
1118795
478647
55138
75356
10157
473866
447135
82464
527686
537920
221694
77243
181542
150084
872998
159322
155916
415933
258936
59462
109482
109478
257882
109477
384634
225399
257884
159324
98922
225400
109480
508772
257883
452653
519446
225401
187012
203698
384635
138977
155915
159327
257881
452654
27668
153285
587652
59463
187014
138979
159330
51298
1507424
109479
109481
153286
412095
159332
392004
526407
386774
203696
124752
258941
258940
153287
9435
159335
160974
159337
190455
68557
71006
468493
192589
94961
568893
1041117
414973
34871
8656
35670
84476
27591
498220
125878
101671
43780
352831
9651
155040
59487
8585
100823
461403
218799
48005
2059112
30635
399317
30399
29117
7821
316163
1426789
450225
8882
247735
282341
399230
61452
47308
29088
52814
62282
678581
678582
492514
189058
33608
309878
177184
1381466
258944
1238368
42408
105147
42409
105199
56216
268937
349162
105149
105150
164611
452646
530178
1734924
34997
176057
541013
30387
213851
182677
507961
79238
57242
126857
73883
128390
252795
214438
248811
357352
69083
425033
349709
83774
83757
86916
94963
29089
61852
61853
504065
9313
651581
9315
413582
9318
1960652
28800
8316
67550
254296
218810
31919
161676
8996
59464
59465
51300
375553
187011
34880
178896
270766
175523
59467
9470
101278
27670
585469
8901
170209
27627
124753
270777
258945
59471
13180
126871
126866
52124
130819
130825
130843
187128
9707
9872
9874
448114
200943
48011
200944
48012
200942
115679
358819
417955
432798
86973
928514
37015
218824
220337
218825
137207
2034202
48008
37017
1132650
37018
30962
64185
8017
8018
8019
8020
8022
8023
74940
10060
65626
38668
38674
425648
356909
74369
51950
186591
469619
27755
163134
163135
9733
34873
87884
239089
40191
8127
8128
1569704
160745
99873
66444
234626
449354
181099
8984
9986
344753
59534
9958
39411
200159
160399
37020
478565
8014
9319
9321
270604
181437
229058
161932
73107
61408
9624
9463
334907
423244
258867
121570
190452
34862
45472
126827
59536
37176
30527
9940
37174
9943
469796
308080
86250
196086
134911
196087
56230
8884
90703
63824
377299
98817
98819
50593
75562
63415
143350
8173
9675
38658
206143
316145
9597
9598
56262
310915
9689
9690
9691
9694
29064
94885
39099
59538
181101
9555
9556
9557
208091
100937
36229
223492
71117
643839
172271
1286224
66718
141886
8255
210632
1609328
744268
1522411
261519
360507
626229
712816
258843
254575
182947
172659
586844
472713
9157
503988
48849
58821
9160
161624
44389
84843
9049
9050
9829
10023
546549
59552
317791
36300
33618
37043
459765
317925
191477
13735
512019
45623
8409
109178
8406
55535
8987
116996
118565
1043172
103596
120735
37737
9344
8167
8168
45783
369654
81381
9052
27672
156567
9472
38671
97206
57100
99538
56316
42520
144753
97207
42410
42411
57104
10041
97209
10042
322709
246392
42412
56317
414442
97213
57105
89101
249015
34899
72884
54082
369490
228564
7757
85517
41426
126867
56069
37046
146614
146617
9209
2723871
9210
279952
38626
9054
371919
9272
907741
907742
192213
867864
873176
39088
39089
39090
9720
34888
9742
27614
9744
109678
10044
54020
704175
117000
435638
9217
113189
358814
358815
121423
56726
274455
266418
111132
48150
125291
56430
56436
56435
56429
56440
9182
89673
9423
56232
9755
181408
121399
158052
114087
34924
51356
301969
164648
591934
591936
591935
51138
90988
175947
345186
309866
285233
151768
303320
303305
13214
161625
105295
1081694
258946
294653
59472
1001556
59473
59474
246814
456422
63520
62086
371930
595220
43777
9163
94850
8595
479651
455471
371920
257867
259913
75032
8260
195632
270568
1230718
269190
141282
471715
2741728
27658
410852
61084
61862
109483
272799
360159
360502
161627
160734
658924
202457
52788
391659
43042
8336
315418
154595
8262
1195776
135448
441723
187443
441713
243562
371922
171273
8905
37050
345573
80367
85099
9252
48891
48892
48895
48890
48699
8081
69235
259256
247741
522439
52202
206602
103695
234075
241588
281916
190152
1549155
523728
176045
66707
8060
68449
142660
234623
35545
1288897
109710
109711
109713
109715
80955
13225
201697
8182
9601
9600
476284
691897
54567
273792
273791
9310
29067
10113
1159791
209866
209867
526885
209868
476587
209869
78451
270572
178892
178893
178894
183752
37029
37030
61403
61388
94194
316347
443712
141839
157669
157668
175932
9813
373033
92522
9654
128106
10163
128105
34837
1246547
173220
1328070
254652
379532
83281
34825
263716
9680
181117
187444
48139
84847
186230
163124
1107342
515672
286129
176047
242566
189920
242564
242562
1475061
983944
270578
270252
349646
9333
52620
352917
59542
442614
356242
8265
245875
51549
82174
253863
171416
195643
555335
12946
867388
178885
867391
232635
232642
232645
57074
232653
1560315
232655
703991
232620
9228
274071
57247
1549196
176074
132907
215349
666326
283161
285011
490279
2203464
94956
59476
118856
280976
74131
58082
9402
1291037
328804
126282
143291
9405
166054
1562755
170224
9403
161598
110942
77216
196297
94117
77217
132908
1367116
28724
481899
192173
163861
48688
9696
1608482
336387
693431
9718
9719
182897
1208751
125283
54133
310352
42514
9238
79643
30457
267972
265639
114375
175815
37607
311901
211511
311890
311895
311897
1488551
176946
2083012
461330
143536
51750
51751
247529
30357
66194
109965
187445
84780
84782
141264
54496
322580
322582
207748
95723
36730
36725
160496
51331
71582
113383
58176
69834
8407
9870
336083
317313
30344
30345
59544
66436
69077
1799704
83752
34854
69074
10119
435406
10115
69075
472760
508668
10116
583359
10117
10120
35732
83755
2683850
226822
2202208
59554
59555
59556
13245
111784
319462
56213
44234
89150
89102
1503340
182228
59946
996586
121573
126484
182642
30333
8797
8795
8386
42863
9809
320431
59477
249024
76834
519037
376555
302408
59478
867891
196296
178895
49443
608656
519038
109476
59479
302410
302411
77218
519039
188570
2603865
337453
196889
608659
76836
342862
169756
188571
159858
188572
2603866
89398
608708
519041
89399
430491
476589
430492
391222
270786
138707
61622
124756
226571
315356
53275
146130
153298
153299
186474
443810
1149666
195333
249017
30466
338556
317125
88110
75485
9407
58083
9408
77223
43328
72545
34869
81879
2709556
1088129
1088130
662561
48668
150086
227184
446910
526813
59482
56258
43778
9491
78454
30586
9488
9490
34875
27679
70928
9521
66265
57571
195082
157020
33518
8030
8032
460219
8036
8038
8040
283034
283035
283036
9515
649471
1112861
1126382
867366
174599
9305
334879
8230
27697
196071
392307
96888
196073
28381
699551
47711
1577981
87759
197541
1961710
143315
51220
69510
230656
71119
36178
7910
224955
58319
73861
247628
76340
317396
30640
226870
53278
34861
226875
55149
113540
1053780
56299
100826
13676
13677
334379
1218182
218798
52904
2269373
210004
214431
89107
258952
159339
153297
249034
380359
258953
72066
160818
72084
72085
394696
394698
72089
201705
201706
214486
41446
182946
298884
173311
179370
88029
2804203
67558
9135
54774
41447
8161
94953
30670
125947
231566
111975
92120
92121
92122
123631
182949
1212470
56278
163868
75042
226939
175429
134742
42415
42416
134745
443722
443723
43258
435225
94993
1407129
119488
228252
50249
50250
50251
279982
28829
90069
50367
76058
203439
530180
42254
62898
113357
62276
36803
62895
268767
62272
62283
9383
9384
62281
62274
62280
62289
62903
46219
62288
62906
62287
62275
62905
338729
103600
8175
75838
75842
68741
9997
99837
99840
99841
92683
9240
37081
392543
392545
13692
7823
119752
30551
30552
115700
135635
208451
160755
273489
54768
2201931
160760
54773
260508
40210
50595
2578067
256689
196075
8284
436290
335062
1890068
144197
331524
9737
103590
9736
46167
485440
143348
54054
395889
54056
108405
142480
507597
471862
569598
247775
183614
135634
177147
36243
328808
177153
177154
177155
111821
126836
36305
57075
8801
56329
451425
192403
27660
192405
196700
27661
36269
451428
381112
9172
56068
57662
9378
1936103
83761
37032
69940
41807
273789
9823
159856
58085
48155
73324
216193
216220
119562
48090
30581
365149
483865
9988
50378
50380
110109
128151
9590
171736
202600
306559
9970
270530
161590
1585515
9063
9066
302527
342690
100828
75881
9261
1234273
9438
59483
45639
8889
75865
45638
107024
59729
433688
98921
31033
119041
118848
118850
235402
114409
9375
50954
52886
48850
64679
45468
45469
64680
45474
123797
10009
226577
309852
463807
302395
187003
1381355
2029311
9802
9801
1364862
186471
30554
30535
316102
163131
163132
526149
102174
158814
85611
137712
86975
86976
101699
101700
101701
73823
100830
1155787
7787
54017
54026
297817
126723
240832
371826
325629
435163
2116108
419683
35015
35017
35019
89133
211510
9565
425654
35660
58087
175016
58209
100858
2671080
241536
423060
10169
74200
1150470
1150459
8238
8237
9327
442964
36185
8527
71010
27717
360238
183749
9426
58210
34903
435999
173342
173339
148073
83875
189388
36212
122765
54180
54181
61618
164651
66437
69297
9947
9945
66440
69298
9946
30407
9849
530183
9638
40690
36198
1118849
121374
245701
549403
1195082
329870
9778
232274
235211
13733
313182
1749025
585473
274059
1549215
176049
1549204
1525648
1679032
313237
313238
96903
9337
109780
109782
197217
195658
161739
171269
171270
261960
507600
171271
42830
116114
179915
422203
80723
80722
8328
261506
338351
329627
37347
246437
9395
203558
411519
411526
411517
9187
9188
34940
58212
36282
127946
357736
311356
411531
79784
9739
218839
258959
526822
385676
9004
83287
121427
56313
94955
54071
334902
435235
115431
435238
392302
57439
247673
41272
13746
28711
56796
50862
9999
37591
99867
55040
244585
27663
195339
402375
106106
9643
9644
29073
9642
48418
140016
148041
2028311
8909
100859
8558
61221
62050
9455
98923
2720890
59485
105273
64815
30538
9843
318738
8706
81621
34945
34948
28733
94196
164384
29139
9626
9629
494514
9630
9631
9627
68732
8924
9330
292820
8355
52183
405598
1470993
327507
234690
32469
8084
8083
1500961
9704
419013
201439
201442
75044
302529
160400
175439
115703
47245
64108
9760
762048
48416
44394
44391
44393
36288
135981
36299
43581
157541
218840
