1494919
696863
1437365
180230
11002
219584
219585
1980456
36363
2815018
1940570
48543
2116165
180170
1980915
1980916
1104499
2779174
670523
670555
45475
93386
11320
11082
2814937
2794564
2794463
1294100
10261
2560319
336959
1891717
1891757
1221637
1521022
1521021
2042591
1912147
1986399
1170370
2711112
2711114
694006
2116423
2358483
40050
693997
40051
11232
1821749
1511906
526120
10243
2748958
10334
11978
11673
11768
10785
1108810
181667
1239566
11292
1933187
1851774
320884
1867819
577567
1676984
320883
1302811
691958
2734448
1032406
1383924
1383925
1281454
1654823
2671519
10493
11084
380432
2846173
11034
64286
670556
670524
702738
28875
2815021
2814943
2794464
2794485
1955153
1530251
2585031
1955172
43763
11021
1933178
138184
10320
1972593
11246
11215
1980519
12110
299474
59509
2170080
11241
1390981
1480698
1383926
1383927
1383929
1906673
1497434
2560841
2419667
1300978
2050578
1174522
589522
1288350
694014
77856
1891747
1548713
59304
1972612
11024
35319
11039
11080
122203
2560288
2016448
149595
1513250
2016461
2016456
2016457
2016458
2016459
1177763
694009
1908805
2560580
36362
2846554
2560322
2560328
12639
190063
11072
1414603
2560316
1294119
1928336
130328
1548722
2169991
42764
60876
332097
1980491
497342
430511
2846546
2163422
1933176
700375
308159
587480
587484
714974
714975
641886
641887
911298
261204
436077
2137545
2054611
2054612
2846547
1055451
1980476
10295
10398
35252
2219143
2219111
2219112
2219114
2219115
2219142
1933179
1933264
135102
346174
2202563
2169706
10565
40054
2844411
2844412
2560532
1678143
2560743
2340996
1294113
64290
50294
10244
106332
194440
194443
11642
11723
47681
1986019
2560345
64303
59301
11089
2849141
12637
2170112
59563
10245
1513251
64320
1881000
1881001
1972577
1511871
1511900
1511913
2358482
1881002
1933304
35306
540070
1585659
1891751
12455
675389
2003673
1294109
2169712
2604840
1697926
1906674
198068
265294
100217
508441
2137754
56049
1985694
1972620
1985696
1158193
1158191
1933303
64300
333343
2725395
1170232
1492740
1539747
1239437
1239439
11864
2560318
2560326
10390
10995
11636
38525
2759411
2798290
2759402
2759403
2759404
2759405
2759413
2759416
183405
104388
1239438
324685
2006642
1294114
11079
2592487
2759408
2798291
2592488
2592489
2592491
2592490
183407
2169685
1891746
1511895
2781374
2560313
2560317
38170
2560327
686983
691956
1496300
1569592
1496301
1496299
2781378
2006585
1897654
905828
2605442
1843768
1843769
1843770
1093105
2781375
2781376
1400257
1350001
2562546
2781382
2810802
190062
146032
204987
2781379
2781380
2781381
2202624
1985386
1985426
1714619
2170004
1330070
2083199
2712699
335100
64293
70793
2810801
2810803
272636
2217649
1911231
2163008
2759412
2759417
2759419
2798286
2759420
2798287
2798288
2759406
2759407
2592492
2798289
2759415
979227
1093104
1420600
150286
1300113
1941417
1914568
638660
1743015
2748307
2748305
2748308
712037
2175116
1662286
1689168
2609873
2609869
1585653
1458867
1342749
1342750
2303005
2303006
2303007
2303008
2303009
2303010
2303011
2303012
1585654
2710949
2042539
587492
2737702
2737703
1933263
1933269
1269302
1269305
1269306
1269307
1933273
64285
161675
1980464
1093935
1093936
1093939
1314973
2507572
1405799
2560321
1954248
2052559
2202565
2079465
2815022
2794569
2814938
2184269
1170688
1349999
1193420
2569586
1934040
2830620
2830621
1884453
2056257
2661817
2056255
2560518
2560793
2116464
2560844
2671518
565243
299472
299473
1294106
44088
346178
11216
1972578
2170084
2716969
10326
10258
1289544
1289550
690695
11234
2301505
1881003
50290
10380
85618
39113
12092
10298
1891767
1307800
12814
10353
10381
57667
687383
68887
1881004
72149
2055263
2184393
308716
1883111
1821750
2501960
1679909
1679920
1980467
1980471
31618
1571455
38016
1809451
1677947
104542
2686070
1980475
1508222
11623
11628
1172985
33708
696859
11983
2022413
1980486
1914442
2050018
2050013
1745247
159479
1980490
2832079
64280
2734415
1964806
1964807
1964810
1964811
1508224
1678145
2560709
2050016
2050020
1964808
1093941
1093946
1093947
1093952
2560713
2050021
2200830
431616
431617
456833
2170408
398032
1679884
1679917
1679918
37741
10366
28304
1141625
1431748
1803957
1112329
1112334
1112339
1112685
2846073
2560748
1980529
2749936
2558459
1093932
86782
2794357
1677949
1677950
286540
1100878
431619
425184
12643
1214956
329862
2747210
11086
2170180
11263
11191
1176145
11976
1112333
1514665
2846545
1980494
2761180
2761181
2761182
2761183
2761184
2761186
2761196
2761197
2761198
2761199
2761200
2761189
2761190
2761191
2761192
2761193
2761194
2761195
2761201
2761202
2761203
2761204
2761205
2761206
2761207
1634476
2794555
2794484
2794466
694003
694005
1884878
1756707
2794467
2794493
2815047
2814968
1341019
2794540
2737672
1659791
1659792
1659793
1676473
2709239
1674928
11520
2859766
2211181
2152471
1659795
1659796
1659797
1659798
1659799
1676475
1659810
1659811
1659812
1659813
1676480
1659814
1659815
1659816
1659817
1659818
1659819
1676481
1676482
1676483
1659771
2830920
10535
11309
1985380
1353241
11240
351073
2013564
2734575
2846532
2846533
1659794
1676474
2859765
2571165
1659800
1659801
1659802
1659803
1659804
1659805
1659806
1659807
1659808
1659809
1676476
1676477
1676478
1676479
1661747
36427
1659783
1659784
1659785
1659786
1659787
1659788
1659789
1659790
1659820
1659821
1659822
1659823
28300
64292
365612
2304618
2560529
1819305
2776961
2776966
2776920
2776962
2776967
2734510
2776924
2776959
2776965
2776960
2565399
2565395
2565393
2565394
2212768
2212769
2212774
2776968
2776963
2776964
1133752
10386
1307801
1131485
1269312
1269313
1269315
1289549
1289551
1933307
2560645
11631
11036
2211153
2781353
2211154
2211152
1508220
1897067
1897068
1897069
1933290
1269292
1269314
1289546
1289556
2042542
2734452
1972568
1934100
1933309
1647245
2710946
2042538
1647234
2737704
2109862
1606497
1606498
1606499
178530
2042565
2725057
2697572
2794465
55096
2734439
2547357
44025
11620
2711060
2711088
1980527
64284
64297
1000650
431620
12542
2856874
2447800
1329649
1244203
393045
2304450
693998
2489501
2304615
659372
2734627
2609866
2591409
2734423
1972576
1972587
11033
1093774
10407
1093775
35612
1093776
35243
1881005
209266
1236391
2301510
1462685
226613
38766
10970
10385
2203081
1980459
2169996
2853733
36410
319748
318831
1758209
1758210
943160
943161
1758211
2558901
1980492
41118
2697055
431621
431622
431623
431624
425185
425186
425187
425188
1821743
1821755
1679922
289236
1821754
1821745
1821746
1437126
1508223
1663356
2585232
2126132
2585114
398033
1986198
31657
2116415
2116189
2116190
1697918
57482
213633
759938
317858
2019389
1548720
11029
1513248
175816
1504288
129726
2734316
11901
10571
40537
2170083
1889242
156909
1743020
460676
311176
1026938
405554
1653397
1653398
1653399
2707652
2707725
2707726
1672381
2447924
2447933
1392101
2707727
2707730
2170176
2170177
2169909
2447922
1672382
2707653
2301525
2447928
2447926
2447927
2447937
2448017
2448018
2734411
2170178
2301524
2447934
2707728
2170179
2301526
2447936
1938918
2448019
2707729
2734412
2707651
1146872
2419666
1909409
1511899
1672383
2447929
2447939
2447938
2447932
2707731
2734413
2294156
2116128
51317
1330520
1790059
444193
1629665
1629666
1629667
1629671
1027245
74501
337052
1986951
40059
2170081
1506546
1181310
1279099
1511873
1511914
1604871
1604872
11657
129727
693066
2844818
1511084
2170087
658402
10561
36370
1972589
1511891
1511892
194965
1897731
2560289
1972579
1985693
2269360
2560323
2560324
2560325
77763
38837
11020
2560341
1972594
2292654
2292653
2292652
2292655
2292656
2843865
2169775
2804202
1887218
2162701
2162699
2162700
2751155
1891754
2597806
2340908
2843869
2606475
130500
1038052
1038054
1038053
35244
2050927
1985372
2004486
1985416
1435485
1027366
1027367
1027244
1027246
1027247
1027248
1522059
1348859
130499
2843876
1812179
2731271
1105057
914037
914039
914041
984899
2816941
2816940
2816942
1843764
1843765
207343
2652258
69955
129953
129950
129952
1661258
1986112
1977295
1578134
1561705
1822365
1155188
1606765
2340909
2843877
2843878
760892
760893
760894
760895
760896
760897
760898
760899
760900
760901
760902
760903
760904
760905
760906
760907
760908
760909
760910
760911
760912
760913
760914
760915
760916
760917
760918
760919
760920
760921
760922
760923
760924
458681
243551
243550
190238
39944
2077296
79891
365327
1679172
745092
1548712
941821
1972586
1972572
40053
2844020
2748378
743004
743005
743006
742965
742968
742967
742969
2729443
1980520
11318
2844098
1980521
2169878
2169879
1513255
2169881
1929150
138951
12064
1525373
40056
655222
2844315
1764076
2844423
1983771
59300
2306813
2008773
145856
1431460
11552
11746
64310
1972595
687870
687871
687872
1659219
44024
1972596
1933288
33743
1239577
2603829
464979
2560602
11786
59302
1212483
1127714
1127715
1127716
1127717
1127718
1549813
1476981
2170030
1972623
121791
1955166
2169701
2698777
40058
114424
1934101
1857251
2560627
2170082
155905
2170088
1505640
1350483
1735587
1307520
1307522
1307523
1307524
1307525
46221
85708
1868221
2511154
2511155
1843772
2845877
2845878
10891
28876
64288
2716994
2560716
2560741
159141
1289939
390157
44026
2004967
1933190
159150
159148
31604
1964823
10345
2846421
2734606
11569
1972584
1678230
1864484
1511889
1511905
1511910
1428581
11276
2059308
40067
164416
47465
1513273
2170255
2720191
306276
10273
1980917
11250
2560828
40052
1933186
228177
172930
172932
1697925
202910
2781372
2794928
64305
1933274
1907787
611707
1495051
1294112
2489502
691961
2171489
644610
2220003
2220002
1494922
2282206
2656653
2596900
2116422
2116482
365613
1047199
656815
365620
408592
690691
64319
2115842
1146873
2603316
2010275
1151044
2233538
2726020
1534553
1208385
1941434
1962258
1922855
1711931
1711932
2217650
2724194
2592521
643398
2560312
2565391
2592512
2592516
2592520
2116387
2815039
2814964
2301508
690694
106331
2301497
1405121
10325
2777468
2169901
2778788
2170205
2704503
2704504
1679240
1204536
2801541
47418
47419
1564182
40004
2721739
2721744
2721748
1987744
1897087
2711068
2721740
2721749
2748762
11083
45221
40057
11855
2054592
2163423
934412
485722
2054616
2656651
2116115
2116183
2116184
2116337
2609872
2843685
1933265
2744857
1333866
1294098
2169876
2169877
2170105
2170106
2170107
2170108
28873
40065
1574422
11137
1335626
665589
1855824
1513268
1662272
1962851
1574421
2040663
47000
2734311
2734312
694448
1836608
10537
170325
35258
338079
764592
2820082
2820083
1330068
1985425
1157338
1131333
1131334
1108949
2093270
1295080
2719550
1194757
2017709
1009692
1134411
2304619
2304620
2304621
748243
1408279
2172548
1176484
2022010
1980633
2170403
1511866
1511867
2734297
2575728
2843914
2448649
1177758
1177759
1513276
2592915
2592916
871260
2713454
2483057
2483303
2483304
2483305
11665
2083198
2844425
2008761
2004957
10376
129951
130310
130309
249583
1408898
2560547
1175854
1820157
2017714
2017711
1239569
2560598
12538
2560601
700779
1068742
573165
604237
1961162
2726253
2726254
1637496
95342
2734473
436911
1176148
1513274
2846472
687385
2734478
2116192
2170409
988948
89592
1455631
485388
389485
11660
2598085
2598086
2598087
1452516
169959
1777985
2560372
742961
742962
742966
942033
742963
742964
745096
742970
2762664
106966
1849328
2598441
2584748
239365
2050926
2461425
2461431
2461428
2478654
2461419
1790067
2461429
2461422
2461420
2461423
2461421
2461424
1837217
186805
204269
1131623
2747931
130327
69576
11663
253923
2052558
1177757
2845894
1933188
10266
1691889
1827005
2169971
2716992
2716974
988949
227135
909307
909308
365047
1273575
1175853
2707004
12804
670525
670526
1986113
317878
2116154
2116155
2116474
2116475
2116199
740971
983922
1891718
681850
197771
1891752
702736
1177766
471966
471967
1112693
1112694
1112695
1269294
1269298
2042644
1897070
1897071
1897072
566558
1112696
1340801
1346295
2737705
2737706
2737707
1606502
1269293
1269295
1269296
1269300
1269303
1269304
1269309
1269310
1269311
2559107
60875
1985359
2054617
1289547
2559108
2559109
2814939
2814940
2794469
1513254
1167883
664732
1272950
1690672
2169993
2039781
2039783
33706
47901
184974
11269
11809
186538
998085
2740581
1881006
1093777
1236392
1236393
1236394
1881007
1093779
1093780
2845937
2815023
2814941
2794470
1390975
2025079
1891755
670527
670557
2116122
670558
2716975
2716976
11023
291823
194441
691496
138948
1330521
138949
35310
37124
2499622
2560525
12730
2501948
987113
338478
1916691
308706
291843
1916692
1236395
291839
1869107
1869105
1869109
486178
481147
1631194
308705
291835
2501947
64295
291841
1511872
2094719
2115790
2656740
1834526
1834527
1834528
364634
1834538
1765003
564426
2169886
129728
687387
227134
2170256
90961
2042567
2845022
1453408
1933275
2711071
2710971
2010960
64281
983929
983923
64282
983924
64283
681883
1647215
1647218
1647224
670528
2510842
2116116
2116457
2690225
2687252
2687258
2690226
2687255
2687259
2806431
2806429
2806430
373862
1980918
40270
2116363
596240
2592494
462818
2218660
670529
2813196
2813197
985092
1110513
2810136
575913
1883457
1883458
2321067
2759604
2759414
656191
1806636
2169903
400122
1391178
1221219
199702
1047190
656813
2734433
12480
10497
2734437
2734438
2560294
1457322
1511894
2560311
2560315
196403
75888
67082
2560346
2734518
2499680
1980460
10317
35246
50292
172652
291836
691497
39444
1027468
1933185
1960046
10310
37296
154334
300180
1933289
2752436
28295
2560702
1715779
1165908
10364
298334
1962299
1986018
1986020
46771
160796
99000
28874
2170059
38804
1972567
2213167
1891719
1891758
1891720
1736109
2501999
1916693
2560586
1961155
1619217
1629656
2846474
2846475
2846476
2846477
795157
795158
795159
795160
795161
795162
795163
795164
795165
795166
795167
795168
670559
670530
2845797
2734469
2169708
2560314
400121
2815020
2814972
35250
2814997
2815024
2794504
2794472
2605648
2170007
1167696
1652541
2137174
1543320
2116135
2116136
2116137
2116138
2116388
2116389
2116390
2116205
2591803
2704521
2116160
2116203
1745250
1112657
1987128
2558888
1294092
190061
931244
337051
2597325
1916694
1076298
1076299
1076300
203139
212720
52438
138950
2008763
340907
691498
1157691
1891748
1367518
1367519
1367524
1237714
1294094
1294099
1367520
1367521
1367523
1367525
1367526
1367527
856735
142661
190064
190065
10279
1924072
1891777
1891778
1891779
1891780
1548417
2766787
1379161
928289
1649336
10264
70796
1004022
569163
1986023
2116161
2116171
1159903
1511781
1671381
1671382
2565896
1755590
1481452
2170175
1967472
1294102
1294103
1294111
1294118
2737667
2759496
1871149
1871150
381199
1484030
345250
1656227
1272944
2015376
2137544
2734404
11870
11958
1089138
400570
11878
2249315
2560777
1891749
2830721
2499621
2050010
2050015
11808
1511908
2499930
1987125
2042574
1524025
1980461
2050011
2711065
2711072
1506578
2169853
1506568
2170148
2038726
1580058
1383931
1383932
1383934
1383933
1383935
1383936
1383937
1383938
1383939
2589880
2501369
1580061
2711063
1001081
2499618
2012620
2116538
2711061
2711084
2711086
1647269
1647275
308707
1980473
425088
2793229
1744840
1285600
2048531
1736048
1736051
2083001
1513272
1906670
464938
1167698
2497859
1056516
2213020
2817571
2691031
2028225
185782
519014
1164802
1036587
2686073
1272948
2845576
565244
1047196
656811
2495901
2777463
2717889
2651592
2845026
2651593
2814998
2815025
2814944
2794473
1282444
1282443
1301246
2055848
2844271
2050971
1884660
2794471
2815026
2794505
2794486
2815027
2814945
2794509
2794474
2814973
2715103
459957
1868639
1868640
1868641
1868634
1868635
1868637
2744145
550803
2744144
2596901
2116141
2116142
2116143
1805463
702734
2604656
64289
2042551
64309
64894
1955137
433499
1928434
2591232
2042580
186539
694007
1325460
2609874
1653087
2855314
1312735
1574287
1523936
1914575
2830720
2830713
2830724
2830719
2830715
1419110
1843767
333342
1539386
2304617
1286776
35297
1286775
137443
2710956
2710978
2710985
1972571
1897653
670531
685508
670561
1982744
694015
1379306
1982743
2560599
2725110
2494334
1954377
1758214
1891756
2014080
1176150
2794487
2815028
2794475
2794511
2042582
2086436
2707294
482176
1868636
2767006
1216472
1146877
1112689
1112690
1112691
2819853
2819851
2819852
1905319
1905320
1288703
2736206
1959762
2137542
1622024
1954225
2737708
2737709
2737710
2737711
2737712
2737713
1926498
1606503
2170191
2054618
2737714
2737715
2753709
2753710
1168599
1168608
1168609
1168610
1168611
1168596
1168598
1168601
1168602
1168603
1168604
1168605
1168606
1168597
1168600
349464
349463
683178
1170234
2137540
2054609
2846478
587489
60879
1933182
1933272
2734451
1805494
2781354
1954226
587486
587487
1585656
437903
1537270
1032407
48544
2050008
2050012
1917414
1734442
1734443
1734440
1338690
63330
1476949
1476950
1476951
1891721
1891759
1891760
1585655
83440
2710969
2710972
2710973
2710999
2846072
1158192
2571313
2116150
2116132
2116358
2116186
2116127
2711037
1702318
1644142
570422
2560808
2560259
2560260
2791004
2710996
1958785
1958786
2169486
2169485
1958783
1958782
1002931
2301732
2004707
1112625
1112626
1112627
1112642
1112643
1112644
1112611
1112645
1112612
1112646
1112594
1112648
1112649
1112650
1112629
1112617
1112634
1112635
1112638
1112633
1112637
1112632
1112636
1112587
1112618
1112591
1112619
1112652
1112653
1112616
1400361
1400362
1400363
1400364
1400365
1400366
1400367
1400368
1400369
1400370
1400371
1400372
1400373
1400374
1400375
1400376
1400377
1400378
1400379
1400380
1400381
1400382
1400383
1400384
1400385
1112651
665603
1514704
1958781
1958777
1959930
565995
1511912
2169854
1932912
2039267
1335467
1335468
1335469
1335470
1335471
1335472
1335473
1335474
1940839
1335478
1335479
1335480
1335481
1133726
1335482
1891722
1335484
570423
1335475
1132582
1276188
1979178
1987129
903568
903569
903570
903571
903572
903573
903574
903575
903576
903577
903578
903579
903580
681864
681865
681866
681869
681870
903582
903583
903584
903585
903586
903587
903588
903589
903590
903591
903598
903622
903623
903624
903625
903626
903627
903628
903629
903630
903631
903632
903633
903634
903635
903636
903637
2042604
1978543
2169965
2169482
2169478
2169481
2169483
2169479
2169480
589518
714378
714379
714374
714363
589519
714380
589520
714381
714382
714371
714364
714372
714383
714367
714384
714377
714370
714385
714368
714386
714365
714376
714387
714375
589521
714369
589524
589525
714366
714373
1647256
2170170
2170171
1348384
746543
186540
186541
2004715
249584
2821777
1881950
360164
91179
548913
548914
768738
768741
768742
768744
146015
353637
353638
410853
462297
56094
2815029
2814946
2794476
2815030
2814947
2815031
2814948
2794488
2794510
2794477
2815032
2814949
2794478
2815033
2814950
2794481
2715213
2815034
2814951
2794479
2726021
2079459
1175855
943082
1882383
1906351
1882382
1552409
2734573
2558248
211977
2126098
1677943
1157040
2042549
2042550
2740714
1955163
1348067
237716
2558258
2202645
1459003
2501962
1093942
1093943
1093944
1093945
1093948
1093950
1093951
1093954
1093957
1524028
1524029
1524030
1524031
1524032
1524033
1524034
1524035
1524036
1524037
1524038
1524039
1524040
1524041
1524042
1524043
1524044
1524045
1524046
1524047
1524048
1524049
1524050
1524051
1524052
1524053
1524054
1524055
1524056
1524057
1524058
1524059
1524060
1524061
1524062
1524063
1524064
1980469
1093949
1093953
1093956
1031707
2169884
1093955
1964809
1001974
1001975
858297
1980479
241434
1390980
1390978
262968
161600
1223279
464940
1223278
1110515
670565
1056517
2719990
1437070
1437069
1785076
1110516
670566
1524026
1524027
1112630
1112622
1112624
903592
903593
903594
2710962
2710963
1225490
1225491
2042556
2560517
2116463
2116481
2767957
2767956
2681586
1235419
931900
931914
931896
931908
931909
931910
931892
931916
931915
931912
931911
931907
931905
931904
931903
931902
931901
931899
931898
931893
931897
931913
931906
931895
931894
1972564
931926
2794225
2772270
2035399
2793798
1329402
931922
931921
931920
931919
931918
931917
1034321
1004948
461309
2793799
1076428
1325383
1325384
1835087
1495312
1272561
1272562
1272563
1272564
1272565
38768
1530283
1508215
1508216
2706560
2690228
2687254
2687261
1511636
1329650
1340804
1458241
1918731
1920498
1325385
1495311
397104
1678146
1508218
1530300
1530301
1530309
2042701
2687253
2499620
212435
1918729
39637
55744
12657
10371
291612
173566
201490
1281455
2760904
2547428
356862
93388
10331
1933180
44158
2560364
1233177
2083182
1513253
2653865
2653508
2653864
80341
109270
48410
129954
129955
2676272
2025828
1686431
2079554
10937
2601244
1176735
2780172
1891761
312185
2560477
1933270
11103
1987743
1673640
1933276
1673637
2572459
1440170
2544873
1985357
1985358
1673643
1673645
1673646
1673642
933486
933487
2560718
2846479
2834153
2170236
35320
2734317
333919
1985379
2723956
2844427
2844441
1383923
1263412
1985385
914027
517184
2268125
1176147
2778965
2772455
2664184
2823279
2748342
2720538
1177767
2810711
1965093
1745249
2315400
2560366
1511774
1916695
230177
1862331
1094299
1094307
1965074
1548721
1862978
2034996
670535
862244
2018685
64307
2301502
2301493
2301494
2301495
2301506
2301511
2301512
2301513
1239565
1239575
645429
252468
1897073
1933177
864694
380436
2116382
864695
2813193
2813194
2813195
1710885
692069
1465725
2003391
1964371
1964370
2687256
333924
1511868
2169767
2169768
2169769
2583501
12618
2734561
1235662
2560468
2421386
1987742
1389204
2792599
2792600
1792584
2736647
53182
2478655
1792585
2518293
565053
1679502
2739235
2486281
1579498
2817955
2817956
1417758
10921
1417760
2834154
2249941
2267517
2267518
2267516
2067749
1928473
2704502
2025339
1530450
1530451
1530452
1530453
11774
2583049
2583050
2844800
39746
2509281
2035302
795360
682125
1987106
10256
11834
11780
1961786
2846480
2846481
2846483
2846484
2846485
687384
2065043
2815035
2794480
2814999
2815036
2814952
2794506
2608978
2562557
1980528
576892
1047201
656814
2794489
2815000
2815044
2814960
2794507
1972581
1471047
2844799
1922208
230108
2801034
43761
1545858
1892857
412059
1128120
450278
796593
55987
2777464
670532
1400255
2560310
1159902
2809150
1566335
93465
11945
11866
11960
11867
11868
1354735
640327
2560320
1382266
11955
11874
1608258
1511772
2080834
1985982
1985983
1766559
2809172
2493083
2560343
2809180
41996
1001627
889389
1001628
353768
2050596
2109365
1985376
1985377
2169932
2169933
1932006
544801
2109366
2735304
2735305
2682574
2681776
2518641
2720954
2720955
2720956
229103
1534550
2720937
2720938
2720939
2720940
2720941
2720942
2720943
2720944
2720945
2720946
2720947
2720948
2720949
2720950
2720951
2720952
2720953
1477515
1565990
1081804
762506
762507
1081806
1081805
1081802
1081807
762508
703584
1081803
762509
762510
762511
1090532
881301
881302
881303
881304
881305
881306
881307
881308
881309
881310
1048871
1930304
1819751
1534544
1534547
1534548
1566337
1839669
908207
1566005
2720957
2720963
2720964
2720965
2720967
2109373
2109374
1930302
1930298
2720900
2720901
2720902
2720903
2720904
2720905
2720906
2720907
2720908
2720909
2720910
2720911
2720912
2720913
742980
742984
742985
742989
742994
742997
742998
742999
1965089
742974
742975
742976
742977
742978
742979
742981
742982
742983
742986
742987
742988
742990
742991
742992
742993
742995
742996
743000
743001
743002
743003
2059380
1086585
1095754
1354736
172858
911325
911324
911323
911322
1972696
11885
39566
1511865
2734300
1511776
1766557
2809412
2844428
2844802
2844804
36381
12521
2576440
2809560
37108
2170052
1678144
1216504
746112
746113
984274
984275
984276
984277
984278
984279
984280
984281
984282
1766560
1766561
1766562
1766563
1766564
1766565
2108520
1766566
1766567
1566334
990662
990663
990664
990665
990666
2845885
2845886
2845887
2845888
2845889
2845890
1566336
11886
1755588
1930506
1511773
393049
2734408
298333
336486
354090
11884
2830709
2830722
2830712
1107397
2814974
2794508
690285
2716981
1107944
304399
683900
346176
2116329
2560699
1511862
1504565
1390985
2710957
1978538
28871
883876
1383943
172931
1985381
1985382
1985383
2169867
2170086
2813191
2813192
622712
2170404
2817780
2710947
2711008
2711009
1897074
566559
1868638
1112692
2042540
2781101
2115844
2803189
1536431
1536430
2116374
2116185
2116121
2116191
2582870
2582871
2582872
2582873
2582874
2582875
2582876
2582877
2582878
2582879
2582880
2582881
2582882
2582883
2582884
2582885
2582886
2582887
2582888
2582889
2582890
2582891
2582892
314498
2710953
1399589
1869108
1962169
1962168
1869106
1792572
1869110
1399590
1399591
1790071
1236396
1076301
1076302
1076303
1076304
137878
2558522
2558523
1907210
108098
162145
2760741
188763
2558889
2558890
2558891
1899317
877180
1393013
1393014
1393015
1393016
2170111
1916696
1827163
660661
660662
660663
1076305
1076306
1790070
1236397
1543219
212721
203136
1891725
887569
159604
1193974
130308
318279
1955170
2845895
2081950
2170204
1972575
2777467
2811215
2022412
359947
1758215
1758219
1665475
1916234
1964372
2734308
2794490
2815001
2815045
2814961
2794512
2815037
2814962
2817739
2817738
2803188
2670734
2116381
2116398
2219104
285986
643399
1446361
986725
1294110
1294116
1294117
880350
1294089
1294097
1294105
2654971
1740857
2304054
1628896
2734320
187984
2560342
2116338
2116339
2116340
2116341
1537271
2301503
2116439
2116385
2711003
1226368
2813181
2813182
2710902
2003672
2005442
2249931
270906
1746170
2116182
2560753
2116391
2116200
2116201
2116202
2560481
2116149
2116133
2116134
2116376
2116188
2588389
2670336
986718
270903
2116151
2116469
2116414
2004960
1985388
2004963
2004965
2116334
84589
1577805
235464
308719
1112664
2560339
627519
627520
627521
627522
627523
627524
627525
627526
627527
627528
627529
627530
1523957
2559934
627570
627577
627580
1018469
1074865
1638137
1511897
1983780
2107573
1239581
1348070
1688620
2042561
2710970
2710982
2710983
2710984
1225483
1225484
1225485
1112601
1112658
1112660
1112663
2042557
2042569
2042570
2042586
2711090
1647260
2558883
2558887
2711029
1647271
1647273
2711102
2711116
2711117
1348066
1348069
2555873
2558898
2558899
1117225
2042576
2711027
1647272
2042575
1647274
2717670
2717671
2717673
1647248
1978546
1748291
1523958
1523959
1523960
1523961
1523962
1523963
1523964
1523965
1523966
1523967
1523968
1523969
627531
627532
627533
1523970
1523971
1523972
1523973
1523974
890398
2576222
2126131
2042577
2730659
2447801
2691598
1195287
2042696
2042553
1647214
1647217
1647227
627534
627535
627536
627537
627539
627540
1788418
1788413
1788419
1303386
2421283
1699358
1699359
1788457
1788458
1788459
1911553
2691597
2049933
2501961
1541206
1541207
1541208
1541209
1541210
1387876
1112662
1112655
2042547
1883431
2711044
2711050
2711055
2711064
2711069
2711077
2711079
2711100
2711115
1508710
333341
261202
46920
686195
686196
686197
686198
686199
686200
686201
862148
862149
862150
862151
862152
862153
862154
862155
862156
862157
862158
862159
862160
862161
862162
862163
862164
862165
862166
2602439
2734436
337048
333754
337049
333766
337039
333767
337043
337044
337050
337042
333757
337041
1244521
2749445
2749446
2749447
697906
1293419
1293420
1609131
658667
568715
683172
1247114
1602211
683174
1247113
1609130
2053898
37140
1933175
2748253
1987017
2025396
59305
334207
334208
334209
1618189
2169992
2732654
1525180
1209382
1209383
1391667
1933183
1518574
870710
2219047
1095764
1437125
1201016
1201017
1201018
2734523
1714360
1714361
1244522
2170194
2734443
499556
1980465
1407638
745094
745091
743529
743528
1525174
1148801
2805939
2734444
2749448
2749449
2749450
1330491
1194163
2003649
2003650
2003651
2003652
1194164
1112700
1582094
2831046
12066
2609450
742945
742948
742944
742946
742947
1572667
742926
742927
742928
742929
742930
742934
742935
742933
742931
742932
742936
745095
742937
742919
742938
742955
742958
742953
742951
742949
742959
742952
742950
742957
742956
742960
742954
1136456
483046
2576944
38767
2170195
2734447
33758
64296
1987018
1987019
1615798
1521109
310907
1329782
1156749
57483
580061
2219052
2219053
45220
333926
1175852
1513256
1513257
1513258
1513259
1513260
1513261
1513262
1513263
1513264
333928
1513265
1961678
1961679
1961680
1961681
1961682
1961683
2169902
333929
333930
333931
1175848
1175849
1175850
1175851
2049444
2583509
1862824
2853105
11840
1285463
45219
2602438
2170197
1682185
2844803
2844805
497343
497344
650036
1417605
1417606
1417607
1417608
1417609
1417610
1417611
1417603
1417612
1417613
1417614
1417615
1417616
1417617
1417618
1417604
1417619
934413
641884
164250
496406
497915
496407
496408
496409
937784
1076281
1076282
1076283
1076284
1076285
93830
2712269
2747342
2008762
12475
682382
682383
682384
2502796
2502797
2021738
1980523
1904885
1904886
1904888
2461378
1222019
10335
2778524
1959761
2038719
2038728
1987745
2169855
2038720
2038721
2038722
2038723
2038724
2038725
2038727
2004487
2004961
2004962
1985415
2169934
2169935
2169936
1868658
1186059
1609138
10359
10368
32603
32604
10372
1188015
2184749
329641
645161
1903319
1525173
749224
1428481
290028
277944
384335
1233383
586421
1181292
1222051
1221646
1222038
1222039
1222040
1222041
1222042
1222043
1222044
1222045
1222046
1222047
1222048
1222049
1222050
858567
858568
858569
858570
858571
858572
858573
1455626
1904876
1569923
11827
57282
45617
87786
1248135
941281
941282
764266
764267
941283
941284
941285
941286
941287
941288
941289
941290
941291
941292
941293
941294
941295
941296
941297
941298
941299
941300
941301
941302
941303
941304
941305
941306
941307
941308
941309
941310
941311
941312
941313
764268
941314
1072676
1072677
941315
941316
941317
941318
941319
941320
941321
72197
104382
2017081
2017082
2017083
2017080
1820160
1914415
2044876
12721
11676
11709
341730
129875
536079
2560526
10566
2853106
1647924
543937
192971
1851215
1851219
2093788
2093789
2060135
2060136
2060137
2060138
2060139
2060140
2200956
2200957
2200958
2200959
1297549
652810
269339
1525176
1891762
1208309
1891745
1303334
1891728
2734294
1891763
1891764
1891765
1891726
746830
746831
1891727
943908
1965018
2714898
2714899
2057509
412463
532080
764236
764237
764238
764239
764240
764241
764242
764243
764244
741955
741956
741957
741958
532081
532082
532083
532084
864558
864559
864560
532085
532086
532087
532088
546676
546677
546678
546679
546680
546681
546682
546683
546684
546685
546686
546687
546688
546689
546690
546691
546692
546693
546694
546695
546696
546697
546698
546699
546700
546701
546702
546703
546704
546705
546706
546707
546708
546709
546710
546711
546712
546713
546714
546715
546716
546717
546718
546719
546720
546721
546722
546723
546725
546726
546727
546728
546729
532089
532090
532091
764245
764246
764247
764248
764249
764250
764251
764252
764253
764254
764255
764256
764257
764258
764259
764260
764261
764262
764263
764264
764265
611726
611727
611728
611729
611730
611731
611732
611733
611734
611735
611736
611737
611738
611739
611740
611741
611742
611743
611744
611745
611746
611747
611748
611749
611750
611751
611752
611753
611754
611755
611756
611757
611758
611759
611760
611761
611762
611763
611764
741959
741960
537508
537509
537510
537511
537512
537513
537514
537515
537516
537517
537518
537519
537520
537521
537522
537523
537524
537525
537526
537527
537528
537529
537530
537531
537532
537533
537534
537535
537536
537537
537538
537539
537540
537541
537542
537593
537543
537544
537545
537546
537547
537548
537549
537550
537551
537552
537553
537554
537555
537556
537557
537558
537559
537560
537561
537562
537563
537564
537565
537566
537567
537568
537569
537570
537571
537572
537573
537574
537575
537576
537577
537578
537579
537580
537581
537582
537583
537584
537585
537586
537587
537588
537589
537590
537591
537592
864561
1523262
1523263
1523264
1523265
1523266
1523267
1523268
1523269
1523270
1523271
1523272
1523273
1523274
1523275
1523276
1523277
1523278
1523279
1523280
1523281
1523282
1523283
1523284
1523285
1523286
1523287
1523288
1523289
1523290
1523291
1523292
532092
532093
532094
532095
532096
532097
532098
532099
532100
532101
532102
630715
630716
630717
630718
630719
630720
169066
167323
481493
481494
481495
481497
647366
481498
647367
481502
481503
481504
481505
481506
647368
647369
647370
481507
481508
481510
481511
481513
647371
1523293
1523294
647372
647373
647374
481515
481516
481517
741961
741962
1906931
348136
1548189
1595998
67605
1714296
1714297
1714298
1930509
2219048
2778245
2778247
2778246
2778248
2778249
2778250
2778251
2778252
2778253
2560528
2845010
1972573
178534
104580
1980524
64311
2560538
2497867
11085
363747
1244525
1978540
649188
642022
1933291
2560577
2734458
1239567
1239568
1239570
1239572
1239573
2716315
1972574
654422
35279
2560583
2560587
943084
2259728
64312
11757
2734462
334203
334204
1961783
99182
1231709
1980526
1170423
118027
44755
659265
1938392
2219998
334205
2025360
1933306
2364099
2748254
1402035
2219997
1631191
1631192
1914549
2231327
1803958
1803959
1803960
1803961
1803956
1511783
2497866
1985356
1985361
2498143
12239
1032690
1032691
1848960
1173018
999535
1525177
1525178
1525179
664661
1986022
133704
369960
2845897
2845899
2845900
1511901
1511907
2170150
1980485
688436
2506584
1042528
1203029
2219046
2809802
147711
147712
463676
1511805
862167
862168
862169
862170
862171
862172
862173
862174
862175
862176
862177
862178
862179
862180
862181
862182
862183
864623
864624
11041
2846071
1330524
1330993
1547495
688450
688451
688452
688453
688454
688456
688457
688458
688459
688460
688461
688462
688463
2039694
688464
688465
688466
1933189
1980489
1899067
1899068
1899069
1899070
1899071
1899072
1899073
1899074
1899075
1899076
1899077
1899078
1899079
1899080
1899081
1899082
1899083
1899084
1899085
1899086
40012
136966
944645
1985428
2560766
723802
2497865
2795181
2560773
64318
1964822
2747383
2560796
2170063
1453410
45223
2560799
870711
870712
2501370
60877
662948
432261
687379
2065051
2065052
2065053
2065054
2065055
2065056
687380
2065044
2065045
2065046
2065047
2065048
2065049
2065050
687369
2065036
2065037
2065038
2846493
1859149
687370
2846513
2846514
687371
687372
687373
687374
687375
687376
687377
2057932
2057933
687340
687349
687350
687351
687352
687354
687355
687356
687357
687358
687341
687359
687360
687361
687363
687366
687367
687368
687342
687344
687345
687346
687347
687348
2853118
2853119
2853120
29256
93678
1955201
1034771
230161
1034800
340016
1631195
1214906
315431
235406
1712394
10255
2732655
745103
745101
745104
745106
745108
745105
745109
745098
745102
745099
745100
745097
2748252
46919
11970
2152919
273350
2170060
2849006
2568001
570424
1914576
2843910
2582936
2582937
2582938
2582939
2582940
2582941
2582942
2582943
2582944
2582945
2582946
2582947
2582948
2585047
2585037
2585038
2585039
2585040
2585041
2585042
2585043
2585044
2585045
2585046
2585058
2585048
2585049
2585050
2585051
2585052
2585053
2585054
2585055
2585056
2585057
2585067
2585059
2585060
2585061
2585062
2585063
2585064
2585065
2585066
2585068
2585069
2585070
2585071
2585072
2585073
2845883
1306817
2116330
208899
2710986
1647267
2711070
644635
2486208
2486220
2486211
2813187
2486230
2486231
2734513
2116424
1752874
2830710
2830716
2830717
2830718
1112621
1112613
1112614
1112654
2020423
1076426
1429868
1076427
1325386
1272574
2593995
1524014
1524015
1524016
1524017
1524018
693999
627541
627542
627543
2856875
1195279
1239583
1647247
1743022
930198
1585657
2116394
2116180
670533
10401
910245
659373
2846659
461347
1483681
2490444
2846488
2212648
500654
1390986
2116196
670569
1881087
1881089
884667
2212649
2212650
1862332
56050
2028226
1271477
1743021
1532164
1532165
1532166
1532167
1532168
1532169
1532170
1532171
1532175
2847288
1511639
1232896
68416
1093781
1843771
2814963
2794482
2609857
1484571
644609
2734301
2605444
2605443
2562548
2562547
2562549
2815041
2814966
2794515
2794516
1930547
1056515
2609870
464939
2813180
760216
760217
2583366
2497408
1697349
584629
464942
670534
2830723
83192
913012
2734449
2170115
1603963
2301517
2301504
291838
1068740
1706830
2846482
2495531
670570
670536
2490445
2169918
1850239
2855313
1914574
2116140
2077302
2077303
2077304
2077305
2077306
2077307
2077308
1925019
2170008
2846534
2846535
2560820
2682467
2714177
1047198
2219117
2219118
2219119
2219120
2219121
2734605
2560767
33756
10271
1743398
2569936
2569937
2569938
1843773
1679873
1679874
1679875
1679876
1679877
1679878
1679879
1679880
1679881
2729004
2845504
2716319
2846489
2116123
2116124
2116125
2116126
2116166
2116167
2116396
1494917
2699769
1294107
2710994
2042590
2755161
1986960
1926511
1380865
2026840
587199
566307
310386
288917
298331
85655
389214
1289548
2169904
2766951
1297661
670537
2560483
2116392
291842
1916697
2794554
2794483
2560563
2560564
2811341
2710958
2592013
2592023
2592024
2592026
2592027
2592031
2592032
2711076
2710950
1987126
1047200
759755
768739
1166470
1325581
768743
1806069
439203
1891766
2794491
2815040
2814965
2794553
2794513
2202647
2202954
2202566
2683335
2202649
670571
304892
2816966
1634490
2023343
2078987
1504566
1288357
2751163
2751164
2116181
2116384
2845857
2219122
2219123
2219124
2219125
2219126
2219127
2219128
2219129
2219130
2219131
2219132
2508171
2844281
1452541
1706831
2845903
2771380
2771381
2341050
2170202
10570
1172193
1919083
2665497
1076307
2663234
308703
2663246
1195658
212722
57581
2763909
2663233
1236398
2663244
2663245
2663259
47929
2560567
2560569
2560572
1195204
1195210
1195231
686985
413258
1904439
2499932
2795229
221244
2506204
2560570
45455
123561
980635
687364
687365
1717193
1717194
1717195
1717196
1717197
1717198
1717199
1717200
1717201
1717202
1717203
1717143
1717144
1717145
1717146
1717147
1717148
1717149
1717150
1717151
1717152
1717153
1717154
1717155
1960157
1717204
1717205
2499623
2169885
754527
2501964
1076308
2499223
2499227
2499228
2499230
2499231
221245
2294150
2294151
2294152
2364645
2364646
2364644
2654579
2654570
2654585
2654571
2654586
2654587
2654588
2654589
2654590
2654591
2654592
2654572
2654593
2654594
2654601
2654595
2654596
2654568
2654597
2654598
2654599
2654573
2654600
2654602
2654603
2654604
2654605
2654606
2654584
2654607
2654608
2654609
2654610
2654611
2654612
2654613
2654614
2654574
2654575
2654580
2654583
2654581
2654569
2654576
2654582
2654577
2654578
2078788
2078789
2078790
2078791
2078792
2078793
2078794
2078795
2078796
2078797
2078798
2078799
2078800
2078801
2078802
2078803
2078804
2078805
2078806
2078807
2078808
2078809
2078810
2078811
2078812
2078813
2078814
2078815
2078816
2078817
2078818
2078819
2078820
2078821
2078822
2078823
2078824
2078825
1933305
28327
1717206
1717207
1195193
1195194
1195195
1195196
1195197
1195198
1195199
1195200
1195201
1195202
1195203
1195205
1195206
1195207
1195208
1195209
1195211
1195212
1195213
1195215
1195216
1195217
1195218
1195219
1195220
1195221
1195222
1195223
1195224
1195225
1195226
1195227
1195228
1195229
1195230
1195232
1195233
1195234
1195235
1690685
1690686
1690687
1690688
1690689
1690690
1690691
1690692
1690693
1690694
1690695
1690696
1690697
1690698
1690699
1690700
1690701
1690702
1690703
1690704
1690705
1690706
1690707
1690708
1690709
1690710
1690711
1690712
1690713
1690714
1690715
1690716
1690717
1690718
1690719
1690720
1690721
1690722
1690723
1690724
1690725
1690726
1690727
1690728
1690729
1690730
1690731
1690732
1690733
1690734
1690735
1690736
1690737
1690738
1690739
1690740
1690741
1690742
1690743
1690744
1690745
1690746
1690747
1690748
1690749
1690750
1690751
1690752
1690753
1690754
1690755
1690756
1690757
1690758
1690759
1690760
1690761
1690762
1690763
1690764
1690765
1690766
1690767
1690768
1690769
1690770
1690771
1690772
1690773
1690774
1690775
1690776
1690777
1690778
1690779
1690780
1690781
1690782
1690783
1690784
1690785
1690786
1690787
1690788
1690789
1690790
1690791
1690792
1690793
1690794
1690795
1690796
1690797
1690798
1690799
1690800
1690801
1690802
1690803
1690804
1717189
1717190
1717191
1717192
1403218
1717209
2845904
2845905
2845906
2845907
2845909
2654204
1511902
2170149
1717210
1717211
2064730
2064731
2064732
2064733
2064734
2064735
2064736
2064737
2064738
2064739
2064740
2064741
2064742
2064743
872275
2575833
875071
2170199
2126056
1917081
1715782
1715780
38418
1715781
10532
948748
1458443
2042693
1917078
1920706
1986017
1986021
1917073
1917074
1917075
1917082
364320
1917083
1964816
1964818
1964819
1964820
1964821
1245560
1245564
1245565
1245566
1245562
1245563
2558897
2560568
2560571
1511903
1964817
1735573
221246
691499
2734574
325444
2730657
2710961
2116156
2116157
2116483
1294090
2710974
2710975
2042578
1978545
681854
989337
1225489
1112659
1112607
1112661
2845500
2003499
2711101
2711103
2558892
1325446
2008770
2008771
40061
40062
2734572
2734571
2762721
434028
1282341
2845859
2116418
2116152
2609868
1215920
2710980
2592511
2592509
2592510
2592493
2592517
2592518
670538
144209
686984
2795017
2795016
2795015
1530247
887570
144210
1916698
221690
2713211
2713212
2708335
2748747
2806895
1159908
587482
2800892
2800893
2800894
2800895
2800896
2800897
2800898
2800899
2800900
2800901
2716343
2716344
2716345
2716346
2716347
2059413
2059415
2161797
2161798
2161799
2161800
2161801
2161802
2161811
2161810
2161809
2161807
2161795
2161803
2161804
2161805
1961665
1961666
2560696
35269
2778671
1834529
2706556
2706557
1834535
1834530
1834531
2706554
2706555
2831903
2023337
2023342
1128072
1045882
311179
2755000
55097
11629
2710966
2734511
1535802
10567
2592041
2662313
1891768
2182467
2662314
2662312
2650671
573900
2711067
1647263
1383946
1383947
1383948
1383949
1383950
1383951
1383952
1383953
1383954
1383955
1383956
1383957
1383958
1383959
1383960
1383961
1383962
1383963
1383964
1383965
1383966
1383990
1383991
1383992
1383993
1383994
1383995
1383996
1383997
1383998
1383999
1384000
1384001
1384002
1384003
1383967
1384004
1384005
1384006
1384007
1383968
1383969
1383970
1383971
1383972
1383973
1383974
1383975
1383976
1383977
1383978
1383979
1383980
1383981
1383982
1383983
1383984
1383985
1383986
1383987
1383988
1383989
1384008
1384009
1384010
1384011
1384012
1384013
1384014
2116326
2116372
2116174
2116175
2734500
2711023
2811223
1748293
1747667
1112589
2042546
2217876
2217875
2217873
2728828
2691032
2737666
2830711
2830714
1166568
639242
639243
639244
639245
639246
639247
639248
639249
639250
639251
639252
639253
639254
639255
639256
639257
639258
639259
639260
639261
639262
639263
639264
639265
639266
639267
639268
639269
639270
639271
639272
639273
639274
639275
639276
639277
639278
639279
639280
639281
1176578
468376
468377
1294108
1234869
64291
11961
2560612
1497566
1353791
1353792
990667
990668
990669
990670
661052
661053
661054
661055
661056
661057
661058
664658
661059
661060
661061
661062
661063
661064
661065
661066
661067
661068
661069
664644
661070
661071
661072
661073
661074
661075
661076
661077
661078
661079
661080
661081
661082
661083
661084
664646
661085
2170130
298903
878330
1146875
1962301
1962302
740933
1048870
1443909
881311
881312
1494923
1819752
1746058
1634484
2741745
1168208
1128073
1608323
1564920
1526585
608831
529100
2610839
2169703
2170061
1110519
2594425
1605972
42843
1891729
334212
49891
2860270
2860271
1227348
2860272
655489
2787848
2845209
1642436
1642458
1480700
670539
1792586
1792587
1497435
2777033
2116327
2116328
2704413
2603837
2711006
1225486
1225487
2744370
2681676
2594110
1885633
380252
1246481
1592573
2527734
1094300
1094301
1094317
1094318
1094315
1094316
412060
1805601
2520503
1679885
2072643
431626
425189
1112686
2651812
2654407
1679900
1679901
1679904
1679905
1679906
1679908
1679912
41403
431627
2006148
2006147
1112687
42097
1980470
470160
560790
560791
560792
469966
560793
560794
560795
560796
1538453
1578833
469961
469962
469963
469964
469965
1972588
37477
2734570
2771208
2714171
1074208
1074214
681885
1891769
550973
550975
550977
2559932
668548
996626
996628
996627
996629
1052262
996630
1052263
1788420
1788421
1788422
1514708
1503281
1503282
1503284
1503285
1503287
2169771
2169772
2042562
2050037
1985387
694000
1788460
1788463
1788464
1788465
1788466
1788467
1788468
694001
1329678
1329680
1881088
1195283
64294
1788423
1788424
1788473
1788474
1788478
1232868
1232869
1112606
2042554
681875
681876
2042642
681878
681879
681880
681881
2042643
983928
1647219
2558884
2558885
2558886
548468
2559933
2559935
2559936
1523975
1523976
1523977
1523978
627586
393046
1074864
1239578
1239582
2559938
1195289
2559939
1195290
1195291
1195292
1647235
1647237
1647238
1647250
1647251
1647252
1647253
1532172
1532173
903599
903600
903601
903602
903603
903604
903605
2793711
2815771
983926
1074863
2691587
1076415
1508221
1511634
627544
627545
1523979
1523980
1523981
627546
627547
934421
1523982
1523983
934423
934424
934425
934426
934427
934428
934429
934430
934431
934432
934433
934434
934435
934436
1523984
1523985
934422
1195167
389160
864596
864610
864611
864612
864613
864614
864615
864616
864617
864618
389145
550976
1788425
1788415
1788416
1788426
1788427
1788428
2015372
2015374
1658669
1658670
2169773
2512110
2042589
1234882
1932910
1213198
1513237
1508225
1239579
1788483
1788461
1788462
1788469
1788470
1788471
1788472
1788475
1788476
1788477
1788479
1788480
1788481
1788482
2184394
2184395
2447802
2447803
1195280
1195281
1195282
1195284
1195285
1195286
1195288
2691588
416613
416614
1325387
1835088
1387879
1387877
1904408
1904409
1272575
416617
1511779
2003498
2042699
1929964
2170312
1232870
2116114
291840
345308
1204571
1159195
2737716
2737717
1269299
1987735
1987737
1288687
1288688
1288689
1288690
1288691
1288692
1288693
1288694
1288695
1288696
1288697
1288698
1288699
1288700
1288701
1288702
2737724
1955394
1959842
1959843
1959844
1959845
1959929
1959846
2737718
1959848
1606504
1379866
1897075
1897076
1269297
587485
2482768
1407609
2710991
2710992
1532174
1514705
1276181
2042548
2042560
1261612
2711091
1513249
2136037
2136038
2734517
2734628
317857
2771209
1232871
589912
1246482
688437
2815002
2815043
2794517
2794518
985093
2813201
985094
1110520
1110522
1605790
1604859
2605288
1647223
2749946
2042579
2042594
2169995
456489
456502
2711075
1357966
913013
2042588
434491
1912901
1384015
1384016
2711001
2711002
11788
2170053
2710954
2613795
2170224
2170054
1933262
2170056
2560365
2171371
1679886
1679888
353765
2613796
2499678
11807
2560527
2560536
246280
2692308
2692309
2692310
2692311
2692312
341226
279715
2169856
1074210
1908802
2171376
267821
1316042
1316043
1074209
2419785
181858
2171379
2171380
2171382
2171383
2171384
2171385
2171386
2171387
129956
11830
2171388
2171389
2171390
2171391
1940555
2171392
490715
2171393
752241
2039782
590745
2039784
1891730
1891770
2171394
308714
2748244
2711066
2711089
1647220
2031165
1778377
1074207
2560697
2734310
2734302
2734318
2734319
64301
11819
1964824
2170058
1588685
1076255
980879
2592015
2592021
2592033
2170198
11973
2845210
2815046
2814967
2163884
1239574
1516078
1891972
154122
1475143
2708065
2708066
1165907
2562198
1264898
1076296
1076295
727988
366619
1394138
727989
727990
1494567
2031166
2170222
1615583
1647231
2116375
59816
2304056
2520502
1679883
1679887
1679889
1679890
1679891
1679892
1679893
1679894
1679895
1679896
1679897
1679898
1679899
1679902
1679903
1679907
1679916
1679919
2008765
2008769
2697056
135748
456831
456832
2560609
2560610
1112684
1112330
1112331
1112332
1112337
1112335
1112336
1112338
1112340
1112683
1112688
240426
1107325
2714164
2714165
2714166
2714167
2714168
2714170
1112628
1112620
1112639
1201040
1201042
1112665
1511637
1732025
1647243
1511629
1746079
497941
1746083
1112672
1325388
1076416
1458242
1530293
1653057
1523052
2042174
1289552
1891771
1112666
1835089
416618
1564919
2856876
2856877
2856878
2856879
497929
497936
497932
497935
497930
497938
497939
497931
497933
497934
497937
745732
745740
745739
745729
745730
745733
745738
745734
745731
1530299
340187
1076422
1511628
1746080
1930507
1511638
497942
497951
497950
497949
497948
497947
1146847
1146848
1146849
1146850
1146851
864619
1112667
1072176
1503294
1511626
745735
745736
745737
2042583
1699317
1699318
1699319
1699320
1699321
1699322
1699323
1699324
1699325
1699326
1699327
1699328
1699329
1699330
1699331
1699332
1699333
1699334
1699335
1699336
1699337
1699338
1699339
1699340
1699341
1699342
1699343
1699344
1699345
1699346
1699347
1699348
1325389
1487701
1835090
1229325
1578982
1578983
1487704
1487702
2447804
1508226
1511631
1530276
1325390
1835091
1653056
1835098
2486204
1523986
1523987
1523988
627551
2447805
2447806
2447807
1647213
1647232
2042584
2856880
1748292
1647236
1913643
461304
1004949
461305
461306
461307
461308
2560338
1416744
550972
1076423
996613
996614
996615
996616
996617
996618
996619
996620
996621
996612
1112668
1112669
2259539
2169770
1511620
2042563
1530290
1653058
1835092
1340803
1112670
1112671
1112673
1325391
1325392
1131700
1508214
1530306
1511633
1746081
1340806
1746084
1746085
1746086
1146852
1146853
1146854
1146855
1146856
1146857
1146858
1146859
1146860
1146861
1146862
1146863
1146864
1511623
398068
397105
1508213
1508217
1897077
2781102
1986959
2003313
627552
1523989
1523990
2559937
2664421
1288684
1925745
2042581
2501927
1195368
2856881
2856882
1200670
1200671
1387878
1647229
2170235
1897078
1289553
1780507
1034322
1034320
1978537
1911103
743685
1480699
2844807
2116148
2116179
2116472
2116383
1638956
1638957
1638958
1638960
1638959
1480113
1638953
1638954
1638955
596241
346175
2169919
2711004
2560533
2720399
2734417
462216
462217
462218
462219
462220
2054593
2137546
2137541
53454
2830708
1390987
1093938
1093940
1917416
2560708
2560710
1494920
333743
1735281
1986024
1246675
516542
2778957
240876
2710968
2710989
2710995
587123
2268043
2268044
1631758
1985363
767474
767475
1631796
192848
1980468
1631759
1237118
587122
2795397
1913642
766792
154121
1585658
1980484
2815003
1980466
1093933
2184403
2184396
1902502
1524019
1524020
1524021
1524022
1524023
1524024
2560712
2832074
2832086
2832078
2832091
2832075
2832087
1917413
1917415
1917411
2832080
2832092
258922
2855312
1856030
1798085
1176481
1105348
1076417
1076418
1076419
1076420
1076421
1325393
1835093
416619
864608
1530294
1530295
1530296
1530297
1325394
1835094
1511627
1429855
2734420
1530285
1530286
1530287
857509
745725
745724
745727
745726
1325395
397106
397107
1131699
1530307
1530308
2501928
2169702
2829102
2829137
2829141
2829100
2829101
2829095
2829089
2829090
2829091
2829092
2829093
2829094
2829140
2710990
1134037
2711036
291832
1581151
1792588
1289555
2690214
2690227
2845976
2844806
1524012
1524013
1463499
2717850
2599603
662863
662864
10564
2026363
980972
1955196
2580110
2580111
2580112
2580113
2580114
2580115
2729576
104223
2170000
227509
1408137
2716125
2067573
1545496
144752
2116361
2116393
2116206
2304449
2734502
1980480
2059312
1244526
587478
587479
587481
587491
641888
640507
640506
714976
714977
1055454
1055452
1055453
911297
2054613
2230895
2846550
1244524
1244523
1678147
1157337
57747
1828353
2153377
31771
56051
2683334
1954184
1954185
67604
1954186
1721090
1661392
2587488
552054
2801388
2587490
1963254
2734361
2587487
274077
2585034
2846080
381543
2736240
431629
2737701
2794341
2794340
642950
2321065
1862821
2497433
670572
670540
2817778
2817779
2817834
2817835
2817836
672020
943162
2818215
706534
28869
670541
2745887
555308
2597803
2597804
2660749
1781329
2560711
1986958
2520501
1125584
2716654
2716655
2716656
1679924
1679925
1679926
1679927
1679928
2716658
1898175
122291
10623
2169774
481315
2716659
2716660
10274
2716652
2716661
2716750
2716669
933490
2716663
1985420
2774221
1161132
1889900
576948
2768130
2815203
1898672
1160968
596477
104395
2716675
2716676
2716677
2716678
2716679
2716680
2716681
2716682
2716683
2697571
303317
2716751
2716664
2716668
2716972
343870
454121
670542
932663
2859764
1177633
2170139
2008772
681848
681849
1891731
1891732
1276186
10406
2815048
2814969
2794520
334522
1985371
1333671
2782219
743007
56144
1513247
47899
2844422
2669027
1048235
1048236
1048237
759716
1905693
389481
1089360
2598088
2598089
119207
1476551
389483
2734581
40541
70064
50359
1777986
1387296
2845933
2845934
2845935
1985412
1634381
2859881
1511917
1834525
2706558
464941
767520
641885
2116366
2116131
2116168
2116428
1537280
2486219
2486229
437902
437901
2734325
2783676
1390976
2760740
310542
1393012
2170406
2170407
1543220
1790068
887568
877181
1743410
1959759
2051672
2170109
2170110
2762500
2762501
2762510
991803
1676185
1676184
2793982
2793983
2793984
2762503
2793985
2793986
2762502
702718
2763566
2793987
742921
742940
742942
742943
742941
2762494
2762495
2762496
2762497
2762498
2762499
1393011
1393018
1393019
1393020
1393021
1393022
1393023
1393024
1229326
2170114
2294154
171950
1916699
426751
426753
660664
660665
660666
660667
660668
1543221
1676471
212727
1163705
1891733
1891734
1891735
1891736
1891737
1891738
1891739
2006158
171371
682884
308725
1076309
1076310
1076311
1076312
1076313
1076314
1076315
1076316
1076317
1076318
1790069
927575
1792571
1236400
1076319
1076320
1076321
1076322
1578770
927577
1236404
1762024
2003507
159602
1330999
1330995
1330998
1330994
1330997
687353
687362
687343
745107
2170203
2268421
2170405
1068739
2845902
1068737
2661902
1670663
120505
308704
1891772
1962300
1546178
2169966
1580060
2213168
1891740
38416
2502000
887571
1927716
1916700
1076323
1676472
212730
1173626
1173627
2213169
1580059
1337067
2559931
301027
2747484
256729
358077
79600
2027448
346653
43764
2116145
1390979
670543
670573
2116425
569164
468378
468379
468380
405092
692273
692274
1146876
1907771
2794521
1047191
1047192
1047193
1047194
1047195
1047203
40060
2794522
2844313
2844314
2815049
2814970
2794523
2794524
2814975
2715094
2794216
1390989
302475
2777469
1551589
2814814
2116373
2116176
2116177
2058161
2770103
1705352
892003
643415
1322248
626738
2019557
655487
479058
1256869
2675848
2675849
2848146
2219644
1094302
1094303
1094305
1094306
1094308
1094309
1094310
1094311
1094312
1094313
1094319
179986
464937
995017
1235421
2184710
656810
1047205
2815004
2815050
2814985
2794548
2794527
1980481
1000587
139445
1074213
64298
64302
42356
42357
42358
2008764
2169961
1074212
1074211
1000586
37207
986727
986726
1391037
230456
1960249
379730
2086357
2086349
2582417
2582418
2734904
2734905
2614061
2777466
394239
2249313
1130095
1210004
1923346
1923347
1923348
1923349
1923350
1923351
1938656
1923352
352236
2557875
2170411
986723
986720
2730083
2560643
1330066
679171
2730082
1987123
672021
1204578
2854225
1204572
1427156
991022
2846528
2846530
2560818
1513252
2730539
1958807
2598784
82676
1088787
2653709
1809460
1809459
1163706
706532
1720233
1513275
706531
1294104
1367515
704179
1643444
1006326
2815052
2814987
2794530
503979
2815053
2814988
2794531
683901
2815054
2794549
2794534
2814958
2794539
2794566
2814959
2794550
2794532
2794533
2815055
1269316
1269317
1647233
655488
670544
1294096
2814911
2814912
2814914
2814913
203137
1076324
1076325
1076326
212719
691500
1236405
1236407
2501969
2560597
2609864
627553
1314972
1239580
2691590
2023657
694008
2026129
2832083
2042559
2492656
2492657
2492658
1076424
1429852
1429853
1381362
1146874
1429856
1429857
1429858
1429859
1429860
1429861
1429862
1530277
2711035
1325396
2560829
1284372
1284374
1746087
497940
497945
1530282
454123
1696541
1696542
1696543
1530288
1530274
1530275
745728
745741
2042585
1541211
1131701
1647241
2516502
2529445
1325397
1325398
2447808
397108
64317
1511630
1284373
1746088
497943
497944
497946
1511621
1325399
1530302
1530303
1530304
1530305
1881008
209062
1236408
241433
657416
262225
670545
2813202
2813203
2813204
1281442
1281441
1128118
1233983
1511632
1746082
2003310
1987738
1530284
1647239
1272573
397109
1530291
1110714
1325400
1325401
2116420
864692
688438
2115843
1985375
2844429
2560644
2814990
2609082
2609083
2591362
1036586
270904
332202
1659215
2845524
1448984
2560780
2734577
2169709
2116129
1098913
1294095
2609871
1891741
2711010
2170193
159603
203138
660669
203134
691501
1236409
687386
1511890
2170410
2711087
2592016
2592019
2592020
2711048
1647268
2592042
2592014
2592028
2592029
2592030
1390992
2839067
1390984
410854
540567
1891742
2560649
2734482
2751480
1692171
2821277
2490447
2490446
2116478
1746066
2815056
2814991
1390988
2019388
1495287
2116386
230107
655486
2486206
2486212
1390982
2845975
2604330
461346
2661901
489824
197772
1117224
1177765
2737726
1379867
1891773
1112328
1112326
1112327
1346291
1346292
1346293
1346294
1269301
1269308
1269318
1289545
2042537
1606501
2737719
2737720
2042592
2587240
2730656
1132844
1688622
1688621
1688623
2711018
2711019
2711021
2711041
1647225
2711111
2711113
1562767
1562768
2601243
1562769
2711011
442492
1403194
1403195
1403196
1403197
1403198
1403199
1403200
1403201
1403202
1403203
1403204
1403205
1403206
2042543
2042571
1846259
1403207
1403208
1403209
1403210
1403211
1403212
1403213
1403214
1403215
1403216
2711042
2711095
1403217
1403219
1384489
2711045
2711057
2711059
2711093
2711094
2711096
2711097
2711105
570425
2597167
1562764
1979179
1194635
1647921
2560803
1647922
1644140
1643897
1644141
1643898
1643902
1643896
1644139
1644147
1643899
1643900
1643901
1644144
1644145
667093
1873698
1562766
1987739
1987740
1987741
1796003
1796004
1796005
1796006
1796007
1796008
1796009
1796010
1796011
1796012
1796013
1796014
1796015
1796016
1796017
1796018
1795990
1795996
1796000
1985395
1985404
1985396
1985397
1985398
1985399
1985400
1985401
1985402
1985403
1985427
2004964
2005505
2005506
2170147
1756189
1132843
1324804
1891743
1390990
2116419
2116169
2734501
2169880
1068738
1452542
2169894
1419111
574549
2761208
2761209
1586002
2707197
2707198
2707199
2707200
2707203
2707204
2707205
2707207
2707208
2707209
2707283
2707210
2707284
2707285
2707287
2707288
2707211
2707214
2707216
2707219
2707224
2707225
2707227
2707232
2707289
2707233
2707235
2707290
2707240
2707241
2707242
2707246
2707248
2707249
2676049
2707253
1891750
2707256
2707263
2707267
2707272
1921778
2707275
2707278
2707282
2707192
2761173
2761174
2761171
2761172
2761187
2761185
2761188
2707193
2707194
2707195
2707196
2707201
1434087
1434089
1434090
1434091
1434092
1434093
1434094
2707206
2707286
2707212
2707215
2707217
2707220
2707223
2707226
2707228
2707229
2707230
2707231
2707234
2707236
2707238
2707239
2707244
2707245
2707247
2707250
2005055
2707251
2707254
2707255
2707258
2707259
2707261
2707262
2707264
2707266
2707268
2707269
2707270
2707271
2707273
2707274
2707277
2707279
2707281
2761175
2761176
2761177
2761178
2761179
2707213
2707191
2707222
2575832
2707260
2707265
2707276
1272938
2748241
1047202
1294093
1585661
1526652
1986118
2185281
1987509
1370096
662865
1834532
1834533
1489733
1489729
1489731
1489736
1370095
2653866
1249499
262725
1961784
1494921
934028
1679910
2560797
1821753
2530497
2718723
2711106
431630
425190
425191
2007183
2560714
2560600
1917410
2039491
2093376
1819364
1093937
2479483
2520504
1481123
1293421
1293422
858505
858506
858507
858508
858509
858510
2025398
2766746
2766747
1562070
1821751
458679
458680
691767
515160
515161
515162
515163
1464144
2008766
2008767
2809476
1562051
1562054
1261657
1562062
1562064
1562048
1562049
1562065
1562066
2170089
933491
2845932
1603962
2303482
341227
1985405
2170126
2093375
1560376
2758288
2758289
2758290
2758291
2758292
2758293
2758294
2758295
2758296
2758297
2758298
2758299
2758300
2758095
1299922
344593
682123
1248250
1562069
141903
1560375
1560377
1560378
1819365
1679933
1919247
425192
425193
2734309
1511909
1902501
1562071
1562073
2488793
1562074
2832084
2832089
2710960
2710965
1978534
1679882
1679923
1811503
1979176
2711083
1647255
431631
425194
425195
425196
2069371
1384017
1384018
1112697
2711049
1647258
1819366
2184404
2184405
2560715
528322
2832090
2201416
431632
425197
425198
2212749
2212751
2212755
2212790
2830707
1679913
1679914
1679915
2008768
1112678
1112682
1112680
1112676
1112674
1112677
1112675
1112679
1112681
2734402
2218594
2218595
2116369
2801851
2801852
2801853
2801854
2801855
2003311
1523991
1523992
1788429
1788430
1788417
2591234
2591235
2591236
2591237
2591238
2042564
2501379
1647242
2716752
2691595
2488327
2856883
2856884
2856885
2856886
2856887
2856888
2856889
2856890
2856891
2856892
2856893
2856894
2856895
2856896
2856897
2856898
2856899
2856900
2856901
2856902
2856903
2856904
2856905
2856906
2856907
2856908
1195371
1195372
1195366
2447809
2447810
2447811
2447812
2447813
1788485
1788489
1788495
1788496
1788497
2499246
2710997
2042593
2711026
864589
864590
864591
864592
864600
864601
864603
864606
864609
1346296
2029302
2029303
1647270
1261614
1261615
1978544
241553
2711024
2711025
1978542
864621
864622
864593
864594
864602
864605
1346297
1346298
1346299
1511622
1530278
1530279
1530280
1530281
2748359
1737344
2778552
1868218
1868219
1868220
2169823
1987732
627554
627555
1924459
2042700
864595
864598
864599
864607
550971
389165
2836123
2010263
1346300
1346301
1346302
1346303
1346304
1346305
1346306
1503293
1503297
1503298
1511624
2487700
1530289
857510
1110713
2004966
2501926
2108207
1325402
2108206
1195374
1387881
2447814
2447815
2447816
1272576
1272577
2054179
2184397
1921773
2710993
1904410
669512
669513
669514
2836124
1346307
1346308
1346309
1346310
1346311
1346312
1346313
1346314
1346315
1346316
1346317
1346318
1429864
1429865
1429866
1511625
1530292
1325403
1487705
2730660
2748360
2710976
903595
903596
903597
2711022
2711034
550974
864597
864604
1881090
627556
2832088
1387882
2856909
2447817
2447818
1987731
1987733
1523993
1523994
1647230
2053182
2599141
2108209
2108208
2053079
2053080
2108210
2108211
2108212
2042552
2029304
2029305
2029306
2029307
2003312
1788431
2015370
663565
1415830
1415831
1415832
1415833
1415835
1415836
1415837
1415838
1415839
1415840
1415841
1415842
1415843
1415844
1415845
1415846
1415847
1415848
1415849
1415850
2832073
2832076
2832082
2832093
1647244
1788484
1788486
1788498
1788487
1788488
1788490
1788491
1788492
1788493
1788494
2586419
2053183
1195369
1911555
2053081
2856910
2856911
2856912
2856913
2856914
2856915
2856916
2856917
2856918
2856919
2856920
2184398
2447819
2447820
1739625
2716753
2832081
2716754
1699349
2447822
2447823
2711054
2711000
2170002
1381363
1381364
1381358
2711092
10397
2305269
1821748
2734327
441977
2170062
2175117
2170102
2781355
1670664
1631551
1972618
2562550
2562551
2562552
2562553
2562554
2562555
2562556
2710964
2710987
2710988
2710998
2711005
2711007
1225488
1004050
2589879
2711016
1112588
1112595
1112596
1112590
1112602
1112603
1112604
1112605
1112608
1112609
1112592
1112610
1112598
1112593
1112599
1112640
1112641
1112600
1112647
2507515
690692
690693
681852
681855
681856
681857
681858
681859
681860
681871
681873
681874
903614
903615
903616
903617
903618
2711030
2711031
2711032
2711033
2711058
1177762
1967296
2691585
1325404
1325405
1835095
1904411
983925
1276189
1276190
2846690
1712572
2501382
934437
2015375
2843941
1445418
1699350
1699351
1699352
1699353
1699354
1699355
1699356
1699357
2447824
2447825
1348068
2560824
2560825
2560826
31931
1647106
1765002
1843766
1961787
2730603
397369
1163700
2716996
2716997
1905556
2170237
2014518
1494918
2007184
1934038
2711028
2781356
2301509
2301514
2301515
2301516
219817
2301501
1088786
1093782
687382
1881009
1093783
1881010
1891774
1236410
2666326
2301498
2301499
2301500
2709242
1881011
1093784
219818
308721
1093785
1093786
1535247
134392
643649
11856
1246478
552055
528163
2059795
857317
253334
348296
68912
2560615
344701
2732827
912320
865994
232580
2734576
1274367
927197
1110526
2029771
508442
1675309
1094304
1246483
39720
64462
64461
2843697
887573
1881012
1093778
2301518
2301519
2301520
2163996
2170206
2844060
2844061
2844062
2529495
2609880
1332312
2529473
2529488
2529489
2529484
2529485
2529486
2529490
2529491
2529492
2529453
2529454
2529455
2529456
2529457
2529458
2529493
2529494
2529470
2529471
2529474
2529475
2813184
670574
1110527
2813200
2116399
1390983
226584
1980488
884143
937388
1093934
670547
2730967
2730968
1481709
2721741
2721745
2721750
538970
1639109
2721751
981209
2792427
1715675
1141586
1481710
1481711
703409
2721742
2170003
2029293
2219223
2749932
2116146
2116147
2116343
2116344
2116447
2116476
1923662
670576
670548
552053
2083444
796592
936149
255685
323824
2486207
2486209
2486210
1985360
1523995
1523996
1523997
1523998
934438
934439
934440
934441
1966685
934442
1523999
1524000
1524001
1524002
1524003
1524004
1524005
1524006
1524007
1524008
1524009
1524010
702733
2487338
2487339
2487340
2487341
2591228
2591229
2591230
2591231
1980525
1647262
1647265
1647266
2758287
2691592
1881051
2447826
2447827
2447828
2042558
2497432
107020
1006327
2094713
2597680
1814125
2116163
2116164
1980463
64299
47301
1987127
2813198
2813199
2813185
2813186
1390977
1959744
95346
2744033
2116333
2487147
116096
2218652
1871151
1871152
683176
1110528
1110529
2652327
1566309
2169994
517361
1987130
1577652
2682575
2682576
2050009
2050022
2050017
2050019
2050014
1745248
1819367
516543
2560769
1577651
466215
1570420
1980455
517360
2530189
466216
2560770
1093930
1093931
745387
249190
2560771
1519087
1980495
1980458
1980474
2793952
1405791
2212647
1564904
1923962
2169692
1168607
2753711
2753712
683177
1898060
1885927
2202225
1367516
648998
1884826
1294091
1133595
1291378
1615847
1770252
670549
2116480
1004021
1367517
1367522
1004778
1294120
1537281
2578140
2116379
2116477
2116449
169159
1481141
1758216
1758217
768113
2212646
1923963
2560807
886980
886981
886982
886983
886984
886985
2560801
1047197
2489503
1985419
524890
2282480
2042566
2710948
1897079
1897080
1897081
2042541
2560582
1985362
2211155
2781357
1606500
2737725
2737723
349370
1985429
1638619
2039492
2711062
1647254
2711104
1497436
1643330
2184399
1508228
2832077
2558900
2820918
2571057
2571058
607682
607683
607684
1298633
942167
942168
942169
942170
942171
942172
942173
942174
942175
942176
942166
942177
942178
942179
942180
942181
1137931
1906170
1906173
2499685
2843841
795691
1005673
795696
1005674
741337
1093240
977802
1005675
1005676
857743
857744
857745
857746
857747
1005677
768018
1843763
745093
942031
941822
1177764
2749861
947523
1980534
1884450
1335747
1335748
1335749
1335750
1335751
2014960
1562563
2137787
1978536
12288
1247839
1985364
2170085
2170090
1906672
926537
926538
926539
926540
926541
926542
1084372
933488
933489
1813613
1795648
1795649
1795650
1795651
2794618
2794572
1249501
1114942
2501434
1454552
1105385
1105386
114326
2853796
2853797
2853798
2853799
2853800
2853801
2853802
1985393
1985394
2748371
2748372
2496634
2170116
2170117
2170119
2170120
2170121
2170122
2170123
2170124
2170125
2530496
1559735
1105378
1254425
1105379
1093928
1247841
2588662
1126387
1084716
1133653
1126386
1126385
1828531
2686039
1108496
1108497
1108498
1108499
720569
1108500
2017721
2017720
2033690
2017712
2853789
2853790
2853791
130369
130370
130371
2846955
251774
1208310
1142451
1142452
1142453
1142454
1126383
1126384
1241957
442302
464983
464984
464985
464986
1138486
889684
442303
442304
442305
442306
442307
442308
2126099
28344
1357321
2517211
2517212
2517213
2517214
2517215
1891204
2853792
1475062
1475063
2017724
2024552
2219166
2219164
2219165
2707536
2707537
2707538
2707539
2707540
2707541
237020
2845924
2845925
2845929
2805938
1105380
2584814
1105381
1663127
2584815
1930510
1828539
1828540
1828542
1828543
1828544
1828545
1828546
1828547
1828548
1828549
1828550
1828551
1488557
2501435
2219167
2593122
646294
1608255
1960250
1455628
2025338
1680894
2032731
2045491
505220
2067739
10276
118140
869560
1218488
1968861
1239832
742012
2560822
1511874
1511875
1511876
1511877
2734304
2734315
2170151
1511915
1511916
2259111
2547358
2730658
469620
656812
1047204
2717890
2691576
2560361
1038051
527205
2116144
2116158
2116159
291837
1567495
691502
2028227
2175118
2734305
2749934
2116455
2116207
2815058
2794537
2815059
2814996
2814976
1400256
2609875
2844401
1920891
2003309
2050925
1289554
2781866
2749858
2748373
2748374
1455627
2664220
2507922
2664215
2748375
1588048
1588049
2781867
2846473
1325406
1325407
1835097
1835096
2592486
2212776
2212779
2212780
2212781
2212784
986724
1642515
2652723
1631550
2563836
1980462
1920493
2501381
2052560
1511904
2721746
693657
1647222
1647259
627557
627558
627559
627560
627561
627562
627563
627564
627565
627566
627567
627568
627569
627571
627572
627573
627574
627575
627578
627579
627581
627582
627583
627587
627588
2501380
1239576
2498144
1647249
1348071
1348072
1348073
1348074
1348075
2447829
2583295
1381359
2794519
2815060
2814994
670550
2116119
2116371
2116194
2116195
2843840
1215919
56053
1474808
1582275
572143
1881633
95547
659374
1699315
56052
2794468
2820734
2820732
2820733
1770233
2560523
2116484
2116432
2116400
447023
587490
986722
986719
2711039
1856564
2094724
2094725
2592038
2710903
1912590
270908
2845873
1215921
2736690
2321066
1215922
681647
670578
670551
2779404
2815061
2218588
2170103
2817570
2560779
2116456
1410510
2501929
1232872
2042555
2042587
1647211
1647212
1647216
1647226
1647257
255363
1176146
1961785
353639
2137175
2499677
121816
2699478
103821
575982
2664900
1110531
1499988
2116130
2116470
2116426
2116178
687381
242710
2560827
1972580
2562515
2562516
2562517
1768064
1281453
2811193
2170402
1511803
1297662
572290
2815062
2814995
2794538
2818228
1259810
2099352
1391038
1593423
2717891
2815063
2814955
2794551
2794525
2794492
2814956
2794526
986728
1923964
1508163
943153
943154
943155
943156
943157
943158
943159
2716128
577566
107323
1479476
1478596
2022783
672018
672019
2170001
2501772
1239571
291829
360198
360199
1923965
1159014
471864
1176149
1987734
2691589
1524011
2023658
2586420
1195375
2856921
2856922
2856923
2856924
2856925
2856926
2856927
2856928
2856929
2856930
2856931
1195376
2785212
2785213
1110532
123932
2813183
1408227
670579
670552
2711208
2721747
1511863
2560800
1508712
2849007
2849008
2116370
1980457
2843833
2500545
2787044
2736691
2250215
2495533
2700030
2684263
1631552
554449
253159
291996
2301496
1603964
1530298
1647240
1647246
674930
679173
1770168
669204
2846586
2169757
1524065
1524066
2052651
2775265
1513314
2803580
1328057
1328104
1328054
1328055
1504567
1504547
1504556
1504569
1328106
1452533
1328105
1328056
2778672
1504545
2803564
2803562
2803563
1921824
2803559
2803565
2803560
2803582
2803561
227305
204873
2609876
1399581
2609877
2259112
1073951
1073952
645428
1073953
1073954
1073955
1073956
1073957
1073958
1073962
107236
2070151
2752331
2752309
2760744
1073965
1073967
1073968
1073970
1073971
1679241
2840000
672017
1204577
1240711
1204570
1187973
1511869
1511870
1511898
2587462
1519097
2846531
1218490
1891775
1294101
2813188
2813189
2813190
685736
2860273
1758218
1758212
1736767
2814957
986729
169174
2560613
1980482
